1,2.1573,0.4474,217.2953,1.4816,0.8551,0.3080,0.3168,0.0018,0.0000,0.0000,0.9468,0.0339,0.0725,0.3183,0.0000,0.0000,0.0000,0.0000,0.0000,0.0000,0.0000,0.0000,0.0176,3.1263,0.0361,0.0000,0.0000,0.0000,1.0000,0.0000,0.0000,0.0959,0.0012
2,0.8302,0.0000,25.8388,4.1550,0.0000,0.0000,0.0000,4.1550,0.0000,0.0000,0.0000,0.0000,0.0000,0.0000,0.0000,0.0000,0.0000,0.0000,0.0000,0.0000,0.0000,0.0000,0.0000,2.9991,0.0339,0.0000,0.0000,0.0000,1.0000,0.0000,0.0000,0.0000,1.0000
3,0.8667,0.0000,50.0000,2.3747,0.0000,0.3698,0.0000,2.0049,0.0000,0.0000,0.0000,0.0000,0.0024,0.0000,0.0000,0.0000,0.0000,0.0000,0.0000,0.0000,0.0000,0.0000,0.0000,2.0930,0.0237,0.0000,0.0000,0.0000,1.0000,0.0000,0.0000,0.0000,0.8443
4,0.8717,0.0027,27.1307,4.1550,0.0000,0.0000,0.0000,4.1550,0.0000,0.0000,0.0363,0.0105,0.0140,0.0280,0.0000,0.0000,0.0000,0.0000,0.0000,0.0000,0.0000,0.0000,0.0000,3.0757,0.0348,0.0000,0.0000,0.0000,1.0000,0.0000,0.0000,0.0000,1.0000
5,0.8885,0.0031,27.1307,4.1550,0.0000,0.0000,0.0000,4.1550,0.0000,0.0000,0.0554,0.0000,0.0021,0.0428,0.0000,0.0000,0.0000,0.0000,0.0000,0.0000,0.0000,0.0000,0.0000,3.0683,0.0347,0.0000,0.0000,0.0000,1.0000,0.0000,0.0000,0.0000,1.0000
6,0.8885,0.0031,27.1307,4.1550,0.0000,0.0000,0.0000,4.1550,0.0000,0.0000,0.0554,0.0000,0.0021,0.0428,0.0000,0.0000,0.0000,0.0000,0.0000,0.0000,0.0000,0.0000,0.0000,3.0683,0.0347,0.0000,0.0000,0.0000,1.0000,0.0000,0.0000,0.0000,1.0000
7,0.8885,0.0031,27.1307,4.1550,0.0000,0.0000,0.0000,4.1550,0.0000,0.0000,0.0554,0.0000,0.0021,0.0428,0.0000,0.0000,0.0000,0.0000,0.0000,0.0000,0.0000,0.0000,0.0000,3.0683,0.0347,0.0000,0.0000,0.0000,1.0000,0.0000,0.0000,0.0000,1.0000
8,0.8717,0.0243,86.8973,1.4490,0.0000,0.5615,0.0013,0.8861,0.0000,0.0000,0.0868,0.0096,0.0137,0.0431,0.0000,0.0000,0.0000,0.0000,0.0000,0.0000,0.0000,0.0000,0.0093,1.7159,0.0198,0.0000,0.0000,0.0000,1.0000,0.0000,0.0000,0.0000,0.6116
9,1.2367,0.1013,86.8973,1.6707,0.0084,0.3627,0.3213,0.9783,0.0000,0.0000,0.4420,0.0000,0.0100,0.1997,0.0000,0.0000,0.0000,0.0000,0.0000,0.0000,0.0000,0.0000,0.0649,2.3927,0.0298,0.0000,0.0000,0.0000,1.0000,0.0000,0.0000,0.0397,0.5856
10,1.5726,0.1671,86.8973,1.8744,0.0003,0.0000,0.9982,0.8758,0.0000,0.0000,0.7281,0.0007,0.0140,0.2624,0.0000,0.0000,0.0000,0.0000,0.0000,0.0000,0.0000,0.0000,0.1435,3.1469,0.0416,0.0000,0.0000,0.0000,1.0000,0.0000,0.0000,0.0000,0.4673
11,2.0107,0.1860,86.8973,2.2630,0.0269,0.0145,0.7912,1.4304,0.0000,0.0000,1.1492,0.0000,0.0288,0.5677,0.0000,0.0000,0.0000,0.0000,0.0000,0.0000,0.0000,0.0000,0.1487,3.8186,0.0494,0.0000,0.0000,0.0000,1.0000,0.0000,0.0000,0.0762,0.6321
12,0.8717,0.0739,146.0439,0.9414,0.0003,0.6631,0.0095,0.2685,0.0000,0.0000,0.1269,0.0003,0.0048,0.0585,0.0000,0.0000,0.0000,0.0000,0.0000,0.0000,0.0000,0.0000,0.0000,1.4138,0.0160,0.0000,0.0000,0.0000,1.0000,0.0000,0.0000,0.0202,0.2852
13,1.2556,0.3701,146.6639,0.9257,0.0488,0.5599,0.2222,0.0949,0.0000,0.0000,0.5976,0.0000,0.0064,0.0877,0.0000,0.0000,0.0000,0.0000,0.0000,0.0000,0.0000,0.0000,0.1464,2.1449,0.0304,0.0000,0.0000,0.0000,1.0000,0.0000,0.0000,0.0968,0.1025
14,1.2549,0.4083,146.6639,0.9295,0.0075,0.4451,0.4722,0.0047,0.0000,0.0000,0.6151,0.0000,0.0067,0.0684,0.0000,0.0000,0.0000,0.0000,0.0000,0.0000,0.0000,0.0000,0.1508,2.1913,0.0311,0.0000,0.0000,0.0000,1.0000,0.0000,0.0000,0.0993,0.0051
15,1.7116,0.4194,146.6639,1.3185,0.2072,0.0738,1.0365,0.0010,0.0000,0.0000,0.8676,0.0049,0.0207,0.1479,0.0000,0.0000,0.0000,0.0000,0.0000,0.0000,0.0000,0.0000,0.1689,2.9893,0.0409,0.0000,0.0000,0.0000,1.0000,0.0000,0.0000,0.0987,0.0007
16,0.8717,0.1693,202.3109,0.7147,0.0000,0.7147,0.0000,0.0000,0.0000,0.0000,0.1747,0.0028,0.0090,0.0565,0.0000,0.0000,0.0000,0.0000,0.0000,0.0000,0.0000,0.0000,0.0022,1.3042,0.0148,0.0000,0.0000,0.0000,1.0000,0.0000,0.0000,0.0000,0.0000
17,1.0812,0.4253,202.2820,0.7882,0.0000,0.6473,0.1099,0.0310,0.0000,0.0000,0.5215,0.0000,0.0176,0.1832,0.0000,0.0000,0.0000,0.0000,0.0000,0.0000,0.0000,0.0000,0.0033,1.5832,0.0180,0.0000,0.0000,0.0000,1.0000,0.0000,0.0000,0.0000,0.0393
18,1.5576,0.4286,171.6022,1.2751,0.0895,0.0607,1.1113,0.0136,0.0000,0.0000,0.8258,0.0105,0.0410,0.2834,0.0000,0.0000,0.0000,0.0000,0.0000,0.0000,0.0000,0.0000,0.0146,2.5348,0.0293,0.0000,0.0000,0.0000,1.0000,0.0000,0.0000,0.0097,0.0106
19,1.4468,0.4414,206.4305,1.0222,0.2857,0.5152,0.2175,0.0038,0.0000,0.0000,0.6723,0.0041,0.0267,0.2180,0.0000,0.0000,0.0000,0.0000,0.0000,0.0000,0.0000,0.0000,0.0173,2.1113,0.0246,0.0000,0.0000,0.0000,1.0000,0.0000,0.0000,0.0987,0.0037
