      0.0000,      0.0000,      0.0000,      0.0000,      0.0000,      0.0000,      0.0000,      0.0000,      0.0000,      0.0000,      0.0000,      0.0000,      0.0000,      0.0000
      0.0000,      0.0000,      0.0000,      0.0000,      0.0000,      0.0000,      0.0000,      0.0000,      0.0000,      0.0000,      0.0000,      0.0000,      0.0000,      0.0000
      0.0000,      0.0000,      0.0000,      0.0000,      0.0000,      0.0000,      0.0000,      0.0000,      0.0000,      0.0000,      0.0000,      0.0000,      0.0000,      0.0000
-111111.0000,-111111.0000,-111111.0000,-111111.0000,-111111.0000,-111111.0000,-111111.0000,-111111.0000,-111111.0000,-111111.0000,-111111.0000,-111111.0000,-111111.0000,      1.4732
-111111.0000,-111111.0000,-111111.0000,-111111.0000,-111111.0000,-111111.0000,-111111.0000,-111111.0000,-111111.0000,-111111.0000,-111111.0000,-111111.0000,-111111.0000,-6.13684E+10
      1.1203,      0.3955,      0.7147,      0.0000,      0.7147,      0.0000,      0.0000,      0.0000,      0.0000,      0.4729,      0.0000,      0.0000,      0.0000,      2.7837
      1.1203,      0.3955,      0.7147,      0.0000,      0.7147,      0.0000,      0.0000,      0.0000,      0.0000,      0.4729,      0.0000,      0.0000,      0.0000,      2.7837
      1.1203,      0.3955,      0.7147,      0.0000,      0.7147,      0.0000,      0.0000,      0.0000,      0.0000,      0.4729,      0.0000,      0.0000,      0.0000,      2.7837
      4.4103,      1.1647,      2.2966,      2.1378,      0.1293,      0.0295,      0.0000,      0.0000,      0.0000,      1.2470,      0.2758,      0.3335,      0.0295,     12.5123
      2.4812,      0.5806,      1.5034,      1.0595,      0.4296,      0.0020,      0.0124,      0.0000,      0.0000,      0.0058,      1.0004,      1.1992,      0.0020,     11.3898
      4.6353,      0.6210,      2.6864,      2.6864,      0.0000,      0.0000,      0.0000,      0.0000,      0.0000,      0.0000,      1.7980,      2.1550,      0.0000,     20.2573
      4.4189,      0.4739,      2.6864,      2.6864,      0.0000,      0.0000,      0.0000,      0.0000,      0.0000,      1.7776,      0.0000,      0.0635,      0.6329,     14.5281
      3.6770,      1.3565,      1.8597,      1.5601,      0.2997,      0.0000,      0.0000,      0.0000,      0.0000,      1.2306,      0.0000,      0.0000,      0.0000,      9.2857
      3.6770,      1.3565,      1.8597,      1.5601,      0.2997,      0.0000,      0.0000,      0.0000,      0.0000,      1.2306,      0.0000,      0.0000,      0.0000,      0.6943,      0.0000,      0.3573,      0.0000,      0.0000,      0.0000,0.00****
3.6770458816,1.3564638127,1.8597425385,1.5600877156,0.2996548229,0.0000000000,0.0000000000,0.0000000000,0.0000000000,1.2305745579,0.0000000000,0.0000000000,0.0000000000,0.6942520879,0.0000000000,0.3572756367,0.0000000000,0.0000000000,0.0000000000,0.00****
      3.6770,      1.3565,      1.8597,      1.5601,      0.2997,      0.0000,      0.0000,      0.0000,      0.0000,      1.2306,      0.0000,      0.0000,      0.0000,      0.6943,      0.0000,      0.3573,      0.0000,      0.0000,      0.0000,      0.0000,      9.2857
