1,0.3960,0.0002,0.8358,4.1550,0.0000,0.0000,0.0000,4.1550,0.0000,0.0000,0.0000,0.0032,0.0038,0.0000,0.0000,0.0000,0.0000,0.0000,0.0049,0.0000,0.0000,0.0000,0.0000,0.0000,0.0000,0.0000,2.9201,0.0000,0.0000,0.0000,1.0000,0.0000,1.0000
2,3.4558,0.4739,9.5295,2.6864,2.6864,0.0000,0.0000,0.0000,0.0000,0.0000,1.7776,0.0000,0.0635,0.6329,0.0000,0.0000,0.0000,0.0000,0.0100,0.0000,0.0000,0.0000,0.0000,0.0000,0.0000,6.7127,0.0000,0.0000,0.0000,1.0000,0.0000,0.0000,0.0000
3,0.4126,0.0000,0.6723,4.1550,0.0000,0.0000,0.0000,4.1550,0.0000,0.0000,0.0000,0.0000,0.0000,0.0000,0.0000,0.0000,0.0000,0.0000,0.0000,0.0000,0.0000,0.0000,0.0000,0.0000,0.0000,2.9110,0.0000,0.0000,0.0000,1.0000,0.0000,0.0000,1.0000
5,0.6598,0.1000,1.9229,0.7147,0.0000,0.7147,0.0000,0.0000,0.0000,0.0000,0.1101,0.0073,0.0087,0.0000,0.0000,0.0000,0.0000,0.0000,0.0000,0.0000,0.0000,0.0000,0.0374,0.0000,0.0000,1.0239,0.3852,0.0000,0.0000,0.7267,0.2733,0.0000,0.0000
6,0.6458,0.1000,2.9413,0.7147,0.0000,0.7147,0.0000,0.0000,0.0000,0.0000,0.0000,0.2319,0.2780,0.0000,0.0000,0.0000,0.0000,0.0000,0.0000,0.0000,0.0000,0.0000,0.0000,0.0000,0.0000,0.0000,1.8601,0.0000,0.0000,0.0000,1.0000,0.0000,0.0000
7,0.6458,0.1000,2.9413,0.7147,0.0000,0.7147,0.0000,0.0000,0.0000,0.0000,0.0000,0.2319,0.2780,0.0000,0.0000,0.0000,0.0000,0.0000,0.0000,0.0000,0.0000,0.0000,0.0000,0.0000,0.0000,0.0000,1.8601,0.0000,0.0000,0.0000,1.0000,0.0000,0.0000
8,0.6458,0.1000,2.9413,0.7147,0.0000,0.7147,0.0000,0.0000,0.0000,0.0000,0.0000,0.2319,0.2780,0.0000,0.0000,0.0000,0.0000,0.0000,0.0000,0.0000,0.0000,0.0000,0.0000,0.0000,0.0000,0.0000,1.8601,0.0000,0.0000,0.0000,1.0000,0.0000,0.0000
9,0.6458,0.1000,2.9413,0.7147,0.0000,0.7147,0.0000,0.0000,0.0000,0.0000,0.0000,0.2319,0.2780,0.0000,0.0000,0.0000,0.0000,0.0000,0.0000,0.0000,0.0000,0.0000,0.0000,0.0000,0.0000,0.0000,1.8601,0.0000,0.0000,0.0000,1.0000,0.0000,0.0000
10,0.6459,0.1000,2.9277,0.7147,0.0000,0.7147,0.0000,0.0000,0.0000,0.0000,0.0020,0.2277,0.2731,0.0000,0.0000,0.0000,0.0000,0.0000,0.0000,0.0000,0.0000,0.0000,0.0000,0.0000,0.0000,0.0000,1.8519,0.0000,0.0000,0.0000,1.0000,0.0000,0.0000
12,0.6768,0.1500,1.9229,0.7147,0.0000,0.7147,0.0000,0.0000,0.0000,0.0000,0.1688,0.0061,0.0088,0.0000,0.0000,0.0000,0.0000,0.0000,0.0000,0.0000,0.0000,0.0000,0.0485,0.0000,0.0000,0.0020,1.5275,0.0000,0.0000,0.0013,0.9987,0.0000,0.0000
13,0.6657,0.1500,3.1357,0.7147,0.0000,0.7147,0.0000,0.0000,0.0000,0.0000,0.0304,0.2863,0.3448,0.0000,0.0000,0.0000,0.0000,0.0000,0.0000,0.0000,0.0000,0.0000,0.0000,0.0000,0.0000,0.0000,2.0899,0.0000,0.0000,0.0000,1.0000,0.0000,0.0000
14,0.6643,0.1500,3.3368,0.7148,0.0000,0.7147,0.0000,0.0000,0.0000,0.0000,0.0000,0.3479,0.4170,0.0000,0.0000,0.0000,0.0000,0.0000,0.0000,0.0000,0.0000,0.0000,0.0000,0.0000,0.0000,0.0000,2.2100,0.0000,0.0000,0.0000,1.0000,0.0000,0.0000
15,0.6663,0.1500,3.0533,0.7147,0.0000,0.7147,0.0000,0.0000,0.0000,0.0000,0.0428,0.2610,0.3152,0.0000,0.0000,0.0000,0.0000,0.0000,0.0000,0.0000,0.0000,0.0000,0.0000,0.0000,0.0000,0.0000,2.0407,0.0000,0.0000,0.0000,1.0000,0.0000,0.0000
16,0.6643,0.1500,3.3367,0.7147,0.0000,0.7147,0.0000,0.0000,0.0000,0.0000,0.0000,0.3479,0.4170,0.0000,0.0000,0.0000,0.0000,0.0000,0.0000,0.0000,0.0000,0.0000,0.0000,0.0000,0.0000,0.0000,2.2099,0.0000,0.0000,0.0000,1.0000,0.0000,0.0000
17,0.6643,0.1500,3.3367,0.7147,0.0000,0.7147,0.0000,0.0000,0.0000,0.0000,0.0000,0.3479,0.4170,0.0000,0.0000,0.0000,0.0000,0.0000,0.0000,0.0000,0.0000,0.0000,0.0000,0.0000,0.0000,0.0000,2.2099,0.0000,0.0000,0.0000,1.0000,0.0000,0.0000
19,0.6989,0.2000,1.9229,0.7147,0.0000,0.7147,0.0000,0.0000,0.0000,0.0000,0.2291,0.0036,0.0090,0.0000,0.0000,0.0000,0.0000,0.0000,0.0000,0.0000,0.0000,0.0000,0.0500,0.0000,0.0000,0.0021,1.6503,0.0000,0.0000,0.0013,0.9987,0.0000,0.0000
20,0.6874,0.2000,3.1357,0.7147,0.0000,0.7147,0.0000,0.0000,0.0000,0.0000,0.0909,0.2809,0.3418,0.0000,0.0000,0.0000,0.0000,0.0000,0.0000,0.0000,0.0000,0.0000,0.0000,0.0000,0.0000,0.0000,2.2052,0.0000,0.0000,0.0000,1.0000,0.0000,0.0000
21,0.6827,0.2000,3.7321,0.7147,0.0000,0.7147,0.0000,0.0000,0.0000,0.0000,0.0000,0.4639,0.5560,0.0000,0.0000,0.0000,0.0000,0.0000,0.0000,0.0000,0.0000,0.0000,0.0000,0.0000,0.0000,0.0000,2.5598,0.0000,0.0000,0.0000,1.0000,0.0000,0.0000
22,0.6827,0.2000,3.7321,0.7147,0.0000,0.7147,0.0000,0.0000,0.0000,0.0000,0.0000,0.4639,0.5560,0.0000,0.0000,0.0000,0.0000,0.0000,0.0000,0.0000,0.0000,0.0000,0.0000,0.0000,0.0000,0.0000,2.5598,0.0000,0.0000,0.0000,1.0000,0.0000,0.0000
23,0.6827,0.2000,3.7321,0.7147,0.0000,0.7147,0.0000,0.0000,0.0000,0.0000,0.0000,0.4639,0.5560,0.0000,0.0000,0.0000,0.0000,0.0000,0.0000,0.0000,0.0000,0.0000,0.0000,0.0000,0.0000,0.0000,2.5598,0.0000,0.0000,0.0000,1.0000,0.0000,0.0000
24,0.6827,0.2000,3.7321,0.7147,0.0000,0.7147,0.0000,0.0000,0.0000,0.0000,0.0000,0.4639,0.5560,0.0000,0.0000,0.0000,0.0000,0.0000,0.0000,0.0000,0.0000,0.0000,0.0000,0.0000,0.0000,0.0000,2.5598,0.0000,0.0000,0.0000,1.0000,0.0000,0.0000
26,0.8012,0.2500,1.9229,0.8324,0.0500,0.5963,0.1861,0.0000,0.0000,0.0000,0.3266,0.0088,0.0125,0.0201,0.0000,0.0000,0.0000,0.0000,0.0000,0.0000,0.0000,0.0000,0.0934,0.0000,0.0000,0.0039,1.9863,0.0000,0.0000,0.0020,0.9980,0.0000,0.0000
27,0.7277,0.2500,3.1357,0.7390,0.0148,0.7026,0.0113,0.0102,0.0000,0.0000,0.1535,0.2967,0.3617,0.0000,0.0000,0.0000,0.0000,0.0000,0.0000,0.0000,0.0000,0.0000,0.0169,0.0000,0.0000,0.0007,2.4141,0.0000,0.0000,0.0003,0.9997,0.0312,0.0138
28,0.7068,0.2500,3.4569,0.7147,0.0000,0.7147,0.0000,0.0000,0.0000,0.0000,0.1031,0.3740,0.4541,0.0000,0.0000,0.0000,0.0000,0.0000,0.0000,0.0000,0.0000,0.0000,0.0000,0.0000,0.0000,0.0000,2.5127,0.0000,0.0000,0.0000,1.0000,0.0000,0.0000
29,0.7068,0.2500,3.4569,0.7147,0.0000,0.7147,0.0000,0.0000,0.0000,0.0000,0.1031,0.3740,0.4541,0.0000,0.0000,0.0000,0.0000,0.0000,0.0000,0.0000,0.0000,0.0000,0.0000,0.0000,0.0000,0.0000,2.5127,0.0000,0.0000,0.0000,1.0000,0.0000,0.0000
30,0.7068,0.2500,3.4569,0.7147,0.0000,0.7147,0.0000,0.0000,0.0000,0.0000,0.1031,0.3740,0.4541,0.0000,0.0000,0.0000,0.0000,0.0000,0.0000,0.0000,0.0000,0.0000,0.0000,0.0000,0.0000,0.0000,2.5127,0.0000,0.0000,0.0000,1.0000,0.0000,0.0000
31,0.7076,0.2500,3.4974,0.7153,0.0008,0.7145,0.0000,0.0000,0.0000,0.0000,0.0981,0.3795,0.4599,0.0077,0.0000,0.0000,0.0000,0.0000,0.0000,0.0000,0.0000,0.0000,0.0000,0.0000,0.0000,0.0000,2.4992,0.0000,0.0000,0.0000,1.0000,0.0000,0.0000
33,0.7444,0.3000,1.9229,0.7147,0.0000,0.7147,0.0000,0.0000,0.0000,0.0000,0.3522,0.0000,0.0109,0.0000,0.0000,0.0000,0.0000,0.0000,0.0000,0.0000,0.0000,0.0000,0.0540,0.0000,0.0000,0.0023,1.9051,0.0000,0.0000,0.0012,0.9988,0.0000,0.0000
34,0.7324,0.3000,3.0738,0.7147,0.0000,0.7147,0.0000,0.0000,0.0000,0.0000,0.2249,0.2509,0.3134,0.0000,0.0000,0.0000,0.0000,0.0000,0.0000,0.0000,0.0000,0.0000,0.0000,0.0000,0.0000,0.0000,2.4056,0.0000,0.0000,0.0000,1.0000,0.0000,0.0000
35,0.7974,0.3000,3.4776,0.8659,0.0000,0.6296,0.1131,0.1232,0.0000,0.0000,0.3012,0.2749,0.3444,0.0808,0.0000,0.0000,0.0000,0.0000,0.0000,0.0000,0.0000,0.0000,0.0000,0.0000,0.0000,0.0000,2.5852,0.0000,0.0000,0.0000,1.0000,0.0000,0.1423
36,0.7324,0.3000,3.0737,0.7147,0.0000,0.7147,0.0000,0.0000,0.0000,0.0000,0.2249,0.2509,0.3134,0.0000,0.0000,0.0000,0.0000,0.0000,0.0000,0.0000,0.0000,0.0000,0.0000,0.0000,0.0000,0.0000,2.4055,0.0000,0.0000,0.0000,1.0000,0.0000,0.0000
37,0.7331,0.3000,3.3142,0.7147,0.0000,0.7147,0.0000,0.0000,0.0000,0.0000,0.1924,0.2837,0.3477,0.0488,0.0000,0.0000,0.0000,0.0000,0.0000,0.0000,0.0000,0.0000,0.0000,0.0000,0.0000,0.0000,2.3051,0.0000,0.0000,0.0000,1.0000,0.0000,0.0000
38,0.7324,0.3000,3.0737,0.7147,0.0000,0.7147,0.0000,0.0000,0.0000,0.0000,0.2249,0.2509,0.3134,0.0000,0.0000,0.0000,0.0000,0.0000,0.0000,0.0000,0.0000,0.0000,0.0000,0.0000,0.0000,0.0000,2.4055,0.0000,0.0000,0.0000,1.0000,0.0000,0.0000
40,0.7781,0.3500,1.9229,0.7147,0.0000,0.7147,0.0000,0.0000,0.0000,0.0000,0.4155,0.0000,0.0000,0.0000,0.0000,0.0000,0.0000,0.0000,0.0000,0.0000,0.0000,0.1020,0.0392,0.0000,0.0000,0.0016,2.0116,0.0000,0.0000,0.0008,0.9992,0.0000,0.0000
41,0.7593,0.3500,2.8405,0.7147,0.0000,0.7147,0.0000,0.0000,0.0000,0.0000,0.3287,0.1459,0.1912,0.0330,0.0000,0.0000,0.0000,0.0000,0.0000,0.0000,0.0000,0.0000,0.0000,0.0000,0.0000,0.0000,2.2269,0.0000,0.0000,0.0000,1.0000,0.0000,0.0000
42,0.7593,0.3500,2.6368,0.7147,0.0000,0.7147,0.0000,0.0000,0.0000,0.0000,0.3573,0.1110,0.1532,0.0000,0.0000,0.0000,0.0000,0.0000,0.0000,0.0000,0.0000,0.0000,0.0000,0.0000,0.0000,0.0000,2.2710,0.0000,0.0000,0.0000,1.0000,0.0000,0.0000
43,0.7750,0.3500,2.8052,0.7297,0.0147,0.7099,0.0000,0.0050,0.0000,0.0000,0.3482,0.1362,0.1818,0.0190,0.0000,0.0000,0.0000,0.0000,0.0000,0.0000,0.0000,0.0000,0.0000,0.0000,0.0000,0.0000,2.2995,0.0000,0.0000,0.0000,1.0000,0.0000,0.0068
44,0.7589,0.3500,2.6767,0.7147,0.0000,0.7147,0.0000,0.0000,0.0000,0.0000,0.3511,0.1232,0.1676,0.0000,0.0000,0.0000,0.0000,0.0000,0.0000,0.0000,0.0000,0.0000,0.0000,0.0000,0.0000,0.0000,2.2944,0.0000,0.0000,0.0000,1.0000,0.0000,0.0000
45,0.7589,0.3500,2.6767,0.7147,0.0000,0.7147,0.0000,0.0000,0.0000,0.0000,0.3511,0.1232,0.1676,0.0000,0.0000,0.0000,0.0000,0.0000,0.0000,0.0000,0.0000,0.0000,0.0000,0.0000,0.0000,0.0000,2.2944,0.0000,0.0000,0.0000,1.0000,0.0000,0.0000
47,0.8024,0.4000,1.9229,0.7147,0.0000,0.7147,0.0000,0.0000,0.0000,0.0000,0.4729,0.0000,0.0018,0.0177,0.0000,0.0000,0.0000,0.0000,0.0000,0.0000,0.0000,0.0907,0.0522,0.0000,0.0000,0.0022,2.0890,0.0000,0.0000,0.0010,0.9990,0.0000,0.0000
48,0.7868,0.4000,2.3474,0.7147,0.0000,0.7147,0.0000,0.0000,0.0000,0.0000,0.4708,0.0000,0.0253,0.0193,0.0000,0.0000,0.0000,0.0000,0.0000,0.0000,0.0000,0.0000,0.0000,0.0000,0.0000,0.0000,2.1315,0.0000,0.0000,0.0000,1.0000,0.0000,0.0000
49,0.7866,0.4000,2.3300,0.7147,0.0000,0.7147,0.0000,0.0000,0.0000,0.0000,0.4729,0.0000,0.0259,0.0130,0.0000,0.0000,0.0000,0.0000,0.0000,0.0000,0.0000,0.0000,0.0000,0.0000,0.0000,0.0000,2.1529,0.0000,0.0000,0.0000,1.0000,0.0000,0.0000
50,0.7866,0.4000,2.3300,0.7147,0.0000,0.7147,0.0000,0.0000,0.0000,0.0000,0.4729,0.0000,0.0259,0.0130,0.0000,0.0000,0.0000,0.0000,0.0000,0.0000,0.0000,0.0000,0.0000,0.0000,0.0000,0.0000,2.1529,0.0000,0.0000,0.0000,1.0000,0.0000,0.0000
51,0.7934,0.4000,2.6944,0.7147,0.0000,0.7147,0.0000,0.0000,0.0000,0.0000,0.4294,0.0000,0.0145,0.1444,0.0000,0.0000,0.0000,0.0000,0.0000,0.0000,0.0000,0.0000,0.0000,0.0000,0.0000,0.0000,1.7121,0.0000,0.0000,0.0000,1.0000,0.0000,0.0000
52,0.7866,0.4000,2.3300,0.7147,0.0000,0.7147,0.0000,0.0000,0.0000,0.0000,0.4729,0.0000,0.0259,0.0130,0.0000,0.0000,0.0000,0.0000,0.0000,0.0000,0.0000,0.0000,0.0000,0.0000,0.0000,0.0000,2.1529,0.0000,0.0000,0.0000,1.0000,0.0000,0.0000
