1,2.1009,0.4739,6.7531,1.3432,1.3432,0.0000,0.0000,0.0000,0.0000,0.0000,0.8888,0.0000,0.0317,0.3164,0.0000,0.0000,0.0000,0.0000,0.0000,0.0000,0.0000,0.0000,0.0000,2.7630,0.0312,0.0000,0.0000,0.0000,1.0000,0.0000,0.0000,0.0000,0.0000
2,0.5313,0.3955,1.2559,0.3574,0.0000,0.3574,0.0000,0.0000,0.0000,0.0000,0.2365,0.0000,0.0000,0.0000,0.0000,0.0000,0.0000,0.0000,0.0000,0.0000,0.0000,0.0000,0.0804,0.9122,0.0137,0.0000,0.0000,0.0000,1.0000,0.0000,0.0000,0.0000,0.0000
3,0.3921,0.0000,1.4793,0.3574,0.0000,0.3574,0.0000,0.0000,0.0000,0.0000,0.0000,0.0000,0.0000,0.0000,0.0000,0.0000,0.0000,0.0000,0.0000,0.0000,0.0000,0.0000,0.0000,0.5983,0.0068,0.0000,0.0000,0.0000,1.0000,0.0000,0.0000,0.0000,0.0000
5,0.5391,0.3980,1.3187,0.3649,0.0047,0.3513,0.0083,0.0006,0.0000,0.0000,0.2410,0.0004,0.0011,0.0058,0.0000,0.0000,0.0000,0.0000,0.0000,0.0000,0.0000,0.0000,0.0762,0.9178,0.0136,0.0000,0.0000,0.0000,1.0000,0.0000,0.0000,0.0000,0.0015
6,0.5289,0.4000,1.3187,0.3574,0.0000,0.3574,0.0000,0.0000,0.0000,0.0000,0.2365,0.0000,0.0008,0.0084,0.0000,0.0000,0.0000,0.0000,0.0000,0.0000,0.0000,0.0000,0.0719,0.8925,0.0131,0.0000,0.0000,0.0000,1.0000,0.0000,0.0000,0.0000,0.0000
7,0.5381,0.3860,1.3187,0.3644,0.0041,0.3535,0.0041,0.0027,0.0000,0.0000,0.2378,0.0000,0.0005,0.0061,0.0000,0.0000,0.0000,0.0000,0.0000,0.0000,0.0000,0.0000,0.0756,0.9152,0.0135,0.0000,0.0000,0.0000,1.0000,0.0000,0.0000,0.0979,0.0074
8,0.4117,0.0778,1.5415,0.3574,0.0000,0.3574,0.0000,0.0000,0.0000,0.0000,0.0397,0.0000,0.0013,0.0134,0.0000,0.0000,0.0000,0.0000,0.0000,0.0000,0.0000,0.0000,0.0000,0.6197,0.0070,0.0000,0.0000,0.0000,1.0000,0.0000,0.0000,0.0000,0.0000
9,0.8143,0.4273,2.8192,0.6338,0.1122,0.1027,0.3887,0.0302,0.0000,0.0000,0.4191,0.0000,0.0144,0.1508,0.0000,0.0000,0.0000,0.0000,0.0000,0.0000,0.0000,0.0000,0.0080,1.2573,0.0146,0.0000,0.0000,0.0000,1.0000,0.0000,0.0000,0.0992,0.0476
10,0.9663,0.4434,3.0176,0.6518,0.3512,0.2179,0.0808,0.0019,0.0000,0.0000,0.4285,0.0029,0.0152,0.1180,0.0000,0.0000,0.0000,0.0000,0.0000,0.0000,0.0000,0.0000,0.0331,1.4084,0.0173,0.0000,0.0000,0.0000,1.0000,0.0000,0.0000,0.0986,0.0029
11,1.0894,0.4175,3.0176,0.7701,0.3604,0.0712,0.3360,0.0025,0.0000,0.0000,0.4874,0.0176,0.0293,0.0829,0.0000,0.0000,0.0000,0.0000,0.0000,0.0000,0.0000,0.0000,0.0935,1.7987,0.0243,0.0000,0.0000,0.0000,1.0000,0.0000,0.0000,0.0949,0.0033
12,0.4117,0.0778,1.5415,0.3574,0.0000,0.3574,0.0000,0.0000,0.0000,0.0000,0.0397,0.0000,0.0013,0.0134,0.0000,0.0000,0.0000,0.0000,0.0000,0.0000,0.0000,0.0000,0.0000,0.6197,0.0070,0.0000,0.0000,0.0000,1.0000,0.0000,0.0000,0.0000,0.0000
13,0.6105,0.4382,2.2356,0.4716,0.0000,0.2101,0.2603,0.0012,0.0000,0.0000,0.3121,0.0000,0.0110,0.1104,0.0000,0.0000,0.0000,0.0000,0.0000,0.0000,0.0000,0.0000,0.0000,0.9327,0.0105,0.0000,0.0000,0.0000,1.0000,0.0000,0.0000,0.0000,0.0026
14,1.4072,0.4284,4.7165,0.9559,0.6603,0.0338,0.2617,0.0000,0.0000,0.0000,0.5529,0.0792,0.1121,0.1710,0.0000,0.0000,0.0000,0.0000,0.0000,0.0000,0.0000,0.0000,0.0272,2.2013,0.0260,0.0000,0.0000,0.0000,1.0000,0.0000,0.0000,0.0868,0.0000
15,1.4489,0.4250,4.7165,0.8676,0.6076,0.1122,0.1478,0.0000,0.0000,0.0000,0.5698,0.0000,0.0250,0.2024,0.0000,0.0000,0.0000,0.0000,0.0000,0.0000,0.0000,0.0000,0.0000,1.8674,0.0211,0.0000,0.0000,0.0000,1.0000,0.0000,0.0000,0.0000,0.0000
16,0.4117,0.0778,1.5415,0.3574,0.0000,0.3574,0.0000,0.0000,0.0000,0.0000,0.0397,0.0000,0.0013,0.0134,0.0000,0.0000,0.0000,0.0000,0.0000,0.0000,0.0000,0.0000,0.0000,0.6197,0.0070,0.0000,0.0000,0.0000,1.0000,0.0000,0.0000,0.0000,0.0000
17,0.7018,0.4457,2.4534,0.4856,0.1488,0.2961,0.0374,0.0033,0.0000,0.0000,0.3213,0.0000,0.0112,0.1116,0.0000,0.0000,0.0000,0.0000,0.0000,0.0000,0.0000,0.0000,0.0000,0.9851,0.0111,0.0000,0.0000,0.0000,1.0000,0.0000,0.0000,0.0992,0.0067
18,1.1865,0.4256,4.1537,0.8350,0.4767,0.0945,0.2306,0.0331,0.0000,0.0000,0.5020,0.0510,0.0792,0.1873,0.0000,0.0000,0.0000,0.0000,0.0000,0.0000,0.0000,0.0000,0.0000,1.7999,0.0203,0.0000,0.0000,0.0000,1.0000,0.0000,0.0000,0.0902,0.0396
19,1.1439,0.4395,3.9200,0.8037,0.4574,0.1073,0.2220,0.0170,0.0000,0.0000,0.5089,0.0183,0.0401,0.1857,0.0000,0.0000,0.0000,0.0000,0.0000,0.0000,0.0000,0.0000,0.0000,1.6579,0.0187,0.0000,0.0000,0.0000,1.0000,0.0000,0.0000,0.0950,0.0211
