Cost,DoC,GWP,TotPlastics(kg),HDPE,LDPE,PP,PLA,PHA,Paper,Reprocess,Pyrolysis,Landfill,Incineration,LABS from chemical recycling of PE,C4 Gas Mixture Pyrolysis,Light Liquid Fuel Pyrolysis,Clay reycled PLA,Lipase based PLA recycling,Lactic acid from acid hydrolysis,Me-Lactate from alcoholysis,Clinker,Lumber
3.9083,0.7541,3.6910,4.1550,0.0000,0.0000,0.0000,4.1550,0.0000,0.0000,2.7493,0.0000,0.0000,0.0000,0.0000,0.0000,0.0000,0.0000,4.0639,0.0000,2.7493,0.0000,0.0000
1.1203,0.3955,2.7837,0.7147,0.0000,0.7147,0.0000,0.0000,0.0000,0.0000,0.4729,0.0000,0.0000,0.0000,0.0000,0.0000,0.0000,0.0000,4.8791,0.0000,0.0000,0.0000,0.1608
0.7842,0.0000,2.9585,0.7147,0.0000,0.7147,0.0000,0.0000,0.0000,0.0000,0.0000,0.0000,0.0000,0.0000,0.0000,0.0000,0.0000,0.0000,0.4190,0.0000,0.0000,0.0000,0.0000
1.3395,0.5500,3.2136,1.0018,0.0000,0.6551,0.0000,0.3467,0.0000,0.0000,0.6629,0.0000,0.0048,0.0474,0.0000,0.0000,0.0000,0.0000,0.0000,0.0000,0.2294,0.0000,0.0994
1.3736,0.5500,3.1062,1.0368,0.0000,0.6478,0.0000,0.3890,0.0000,0.0000,0.6860,0.0000,0.0032,0.0348,0.0000,0.0000,0.0000,0.0000,0.0000,0.0000,0.2497,0.0000,0.1166
1.3977,0.5500,2.9988,1.0539,0.0000,0.6272,0.0360,0.3907,0.0000,0.0000,0.6949,0.0000,0.0039,0.0109,0.0000,0.0000,0.0000,0.0000,0.0000,0.0000,0.2573,0.0000,0.1385
1.4341,0.5699,2.8914,1.1011,0.0000,0.6313,0.0067,0.4631,0.0000,0.0000,0.7286,0.0000,0.0000,0.0002,0.0000,0.0000,0.0000,0.0000,0.0000,0.0000,0.3064,0.0000,0.1435
1.1211,0.4250,3.2136,0.7353,0.0003,0.7104,0.0000,0.0246,0.0000,0.0000,0.4864,0.0000,0.0057,0.0567,0.0000,0.0000,0.0000,0.0000,0.0000,0.0000,0.0163,0.0000,0.1025
1.1661,0.4250,3.1062,0.8524,0.0000,0.6861,0.0000,0.1663,0.0000,0.0000,0.4930,0.0000,0.0036,0.0374,0.0000,0.0000,0.0000,0.0000,0.0000,0.0000,0.0927,0.0000,0.0998
1.1377,0.4250,2.9988,0.7459,0.0000,0.7082,0.0000,0.0376,0.0000,0.0000,0.4935,0.0000,0.0028,0.0277,0.0000,0.0000,0.0000,0.0000,0.0000,0.0000,0.0249,0.0000,0.1313
1.2016,0.4250,2.8914,0.8435,0.0000,0.6880,0.0000,0.1556,0.0000,0.0000,0.4964,0.0000,0.0000,0.0002,0.0000,0.0000,0.0000,0.0000,0.0000,0.0000,0.0916,0.0000,0.1374
1.0437,0.3414,3.2136,0.7147,0.0000,0.7147,0.0000,0.0000,0.0000,0.0000,0.3864,0.0000,0.0053,0.0533,0.0000,0.0000,0.0000,0.0000,0.0000,0.0000,0.0000,0.0000,0.0775
1.0464,0.3000,3.1062,0.7358,0.0000,0.7103,0.0000,0.0255,0.0000,0.0000,0.3256,0.0491,0.0589,0.0000,0.0000,0.0000,0.0000,0.0000,0.0000,0.0000,0.0113,0.0000,0.1069
1.0554,0.3000,2.9988,0.8508,0.0000,0.6864,0.0000,0.1643,0.0000,0.0000,0.3470,0.0000,0.0016,0.0162,0.0000,0.0000,0.0000,0.0000,0.0000,0.0000,0.0647,0.0000,0.0788
1.0306,0.3000,2.8914,0.7147,0.0000,0.7147,0.0000,0.0000,0.0000,0.0000,0.3500,0.0000,0.0008,0.0083,0.0000,0.0000,0.0000,0.0000,0.0000,0.0000,0.0000,0.0000,0.1106
1.1197,0.3949,2.7840,0.7147,0.0000,0.7147,0.0000,0.0000,0.0000,0.0000,0.4721,0.0000,0.0000,0.0000,0.0000,0.0000,0.0000,0.0000,0.0000,0.0000,0.0000,0.0000,0.1605
0.9668,0.1750,3.2136,0.7147,0.0000,0.7147,0.0000,0.0000,0.0000,0.0000,0.1972,0.0000,0.0337,0.0129,0.0000,0.0000,0.0000,0.0000,0.0000,0.0000,0.0000,0.0000,0.0540
0.9209,0.1750,3.1062,0.7693,0.0000,0.7034,0.0000,0.0659,0.0000,0.0000,0.1888,0.0072,0.0110,0.0233,0.0000,0.0000,0.0000,0.0000,0.0000,0.0000,0.0162,0.0000,0.0351
0.9392,0.1750,2.9988,0.8562,0.0000,0.6853,0.0000,0.1709,0.0000,0.0000,0.1976,0.0000,0.0012,0.0122,0.0000,0.0000,0.0000,0.0000,0.0000,0.0000,0.0393,0.0000,0.0414
0.9899,0.2485,2.8914,0.7147,0.0000,0.7147,0.0000,0.0000,0.0000,0.0000,0.2896,0.0000,0.0000,0.0000,0.0000,0.0000,0.0000,0.0000,0.0000,0.0000,0.0000,0.0080,0.0905
1.1203,0.3955,2.7840,0.7147,0.0000,0.7147,0.0000,0.0000,0.0000,0.0000,0.4729,0.0000,0.0000,0.0000,0.0000,0.0000,0.0000,0.0000,0.0000,0.0000,0.0000,0.0000,0.1608
0.8153,0.0500,3.1024,0.7147,0.0000,0.7147,0.0000,0.0000,0.0000,0.0000,0.0468,0.0093,0.0127,0.0157,0.0000,0.0000,0.0000,0.0000,0.0000,0.0000,0.0000,0.0000,0.0000
0.8153,0.0500,3.1021,0.7147,0.0000,0.7147,0.0000,0.0000,0.0000,0.0000,0.0468,0.0092,0.0127,0.0157,0.0000,0.0000,0.0000,0.0000,0.0000,0.0000,0.0000,0.0000,0.0000
0.8201,0.0500,2.9988,0.7147,0.0000,0.7147,0.0000,0.0000,0.0000,0.0000,0.0538,0.0000,0.0008,0.0081,0.0000,0.0000,0.0000,0.0000,0.0000,0.0000,0.0000,0.0000,0.0101
0.9665,0.2070,2.8914,0.7989,0.0010,0.6971,0.0000,0.1008,0.0000,0.0000,0.2363,0.0000,0.0000,0.0000,0.0000,0.0000,0.0000,0.0000,0.0000,0.0000,0.0298,0.0000,0.0702
1.1197,0.3949,2.7840,0.7147,0.0000,0.7147,0.0000,0.0000,0.0000,0.0000,0.4721,0.0000,0.0000,0.0000,0.0000,0.0000,0.0000,0.0000,0.0000,0.0000,0.0000,0.0000,0.1605
