Cost,DoC,TotPlastics(kg),HDPE,LDPE,PP,PLA,PHA,Paper,Reprocess,Pyrolysis,Landfill,Incineration,GWP
4.4523,0.7758,2.6864,2.6864,0.0000,0.0000,0.0000,0.0000,0.0000,1.7776,0.0000,0.0512,0.5104,82.7949
1.0815,0.7031,0.7147,0.0000,0.7147,0.0000,0.0000,0.0000,0.0000,0.4729,0.0000,0.0136,0.1358,22.7366
1.0815,0.7744,0.7147,0.0000,0.7147,0.0000,0.0000,0.0000,0.0000,0.4729,0.0000,0.0136,0.1358,22.7366
4.4523,0.7049,2.6864,2.6864,0.0000,0.0000,0.0000,0.0000,0.0000,1.7776,0.0000,0.0512,0.5104,82.7949
1.6285,0.7739,1.2651,0.0000,0.0000,1.2651,0.0000,0.0000,0.0000,0.8371,0.0000,0.0241,0.2404,34.1078
4.4523,0.7049,2.6864,2.6864,0.0000,0.0000,0.0000,0.0000,0.0000,1.7776,0.0000,0.0512,0.5104,82.7949
4.4523,0.7049,2.6864,2.6864,0.0000,0.0000,0.0000,0.0000,0.0000,1.7776,0.0000,0.0512,0.5104,82.7949
4.4523,0.7049,2.6864,2.6864,0.0000,0.0000,0.0000,0.0000,0.0000,1.7776,0.0000,0.0512,0.5104,82.7949
4.4523,0.7049,2.6864,2.6864,0.0000,0.0000,0.0000,0.0000,0.0000,1.7776,0.0000,0.0512,0.5104,82.7949
4.4523,0.7049,2.6864,2.6864,0.0000,0.0000,0.0000,0.0000,0.0000,1.7776,0.0000,0.0512,0.5104,82.7949
1.0815,0.7031,0.7147,0.0000,0.7147,0.0000,0.0000,0.0000,0.0000,0.4729,0.0000,0.0136,0.1358,22.7366
4.4523,0.7677,2.6864,2.6864,0.0000,0.0000,0.0000,0.0000,0.0000,1.7776,0.0000,0.0512,0.5104,82.7949
4.4523,0.7049,2.6864,2.6864,0.0000,0.0000,0.0000,0.0000,0.0000,1.7776,0.0000,0.0512,0.5104,82.7949
1.0815,0.7664,0.7147,0.0000,0.7147,0.0000,0.0000,0.0000,0.0000,0.4729,0.0000,0.0136,0.1358,22.7366
4.4523,0.7049,2.6864,2.6864,0.0000,0.0000,0.0000,0.0000,0.0000,1.7776,0.0000,0.0512,0.5104,82.7949
1.6285,0.7659,1.2651,0.0000,0.0000,1.2651,0.0000,0.0000,0.0000,0.8371,0.0000,0.0241,0.2404,34.1078
4.4523,0.7049,2.6864,2.6864,0.0000,0.0000,0.0000,0.0000,0.0000,1.7776,0.0000,0.0512,0.5104,82.7949
4.4523,0.7049,2.6864,2.6864,0.0000,0.0000,0.0000,0.0000,0.0000,1.7776,0.0000,0.0512,0.5104,82.7949
4.4523,0.7049,2.6864,2.6864,0.0000,0.0000,0.0000,0.0000,0.0000,1.7776,0.0000,0.0512,0.5104,82.7949
35.9737,0.7179,7.7158,0.0000,0.0000,0.0000,0.0000,0.0000,7.7158,5.1055,0.0000,0.0000,0.0000,1602.5930
4.4523,0.6972,2.6864,2.6864,0.0000,0.0000,0.0000,0.0000,0.0000,1.7776,0.0000,0.0512,0.5104,82.7949
4.4523,0.7126,2.6864,2.6864,0.0000,0.0000,0.0000,0.0000,0.0000,1.7776,0.0000,0.0512,0.5104,82.7949
4.4523,0.7049,2.6864,2.6864,0.0000,0.0000,0.0000,0.0000,0.0000,1.7776,0.0000,0.0512,0.5104,82.7949
4.4523,0.7049,2.6864,2.6864,0.0000,0.0000,0.0000,0.0000,0.0000,1.7776,0.0000,0.0512,0.5104,82.7949
4.4523,0.7049,2.6864,2.6864,0.0000,0.0000,0.0000,0.0000,0.0000,1.7776,0.0000,0.0512,0.5104,82.7949
4.4523,0.7049,2.6864,2.6864,0.0000,0.0000,0.0000,0.0000,0.0000,1.7776,0.0000,0.0512,0.5104,82.7949
4.4523,0.7049,2.6864,2.6864,0.0000,0.0000,0.0000,0.0000,0.0000,1.7776,0.0000,0.0512,0.5104,82.7949
4.4523,0.7049,2.6864,2.6864,0.0000,0.0000,0.0000,0.0000,0.0000,1.7776,0.0000,0.0512,0.5104,82.7949
4.4523,0.7049,2.6864,2.6864,0.0000,0.0000,0.0000,0.0000,0.0000,1.7776,0.0000,0.0512,0.5104,82.7949
4.4523,0.7049,2.6864,2.6864,0.0000,0.0000,0.0000,0.0000,0.0000,1.7776,0.0000,0.0512,0.5104,82.7949
1.4657,0.4121,1.2651,0.0000,0.0000,1.2651,0.0000,0.0000,0.0000,0.8371,0.0000,0.0241,0.2404,33.0411
1.4657,0.4121,1.2651,0.0000,0.0000,1.2651,0.0000,0.0000,0.0000,0.8371,0.0000,0.0241,0.2404,33.0411
1.4657,0.4121,1.2651,0.0000,0.0000,1.2651,0.0000,0.0000,0.0000,0.8371,0.0000,0.0241,0.2404,33.0411
1.4657,0.4121,1.2651,0.0000,0.0000,1.2651,0.0000,0.0000,0.0000,0.8371,0.0000,0.0241,0.2404,33.0411
1.4657,0.4121,1.2651,0.0000,0.0000,1.2651,0.0000,0.0000,0.0000,0.8371,0.0000,0.0241,0.2404,32.8886
1.4657,0.4121,1.2651,0.0000,0.0000,1.2651,0.0000,0.0000,0.0000,0.8371,0.0000,0.0241,0.2404,32.9088
1.4657,0.4121,1.2651,0.0000,0.0000,1.2651,0.0000,0.0000,0.0000,0.8371,0.0000,0.0241,0.2404,32.8886
1.4657,0.4121,1.2651,0.0000,0.0000,1.2651,0.0000,0.0000,0.0000,0.8371,0.0000,0.0241,0.2404,33.0411
1.4657,0.4121,1.2651,0.0000,0.0000,1.2651,0.0000,0.0000,0.0000,0.8371,0.0000,0.0241,0.2404,33.0411
1.4657,0.4121,1.2651,0.0000,0.0000,1.2651,0.0000,0.0000,0.0000,0.8371,0.0000,0.0241,0.2404,32.9389
1.4657,0.4121,1.2651,0.0000,0.0000,1.2651,0.0000,0.0000,0.0000,0.8371,0.0000,0.0241,0.2404,32.9088
1.4657,0.4121,1.2651,0.0000,0.0000,1.2651,0.0000,0.0000,0.0000,0.8371,0.0000,0.0241,0.2404,32.8886
1.4657,0.4121,1.2651,0.0000,0.0000,1.2651,0.0000,0.0000,0.0000,0.8371,0.0000,0.0241,0.2404,33.0411
1.4657,0.4121,1.2651,0.0000,0.0000,1.2651,0.0000,0.0000,0.0000,0.8371,0.0000,0.0241,0.2404,32.8886
1.4657,0.3747,1.2651,0.0000,0.0000,1.2651,0.0000,0.0000,0.0000,0.8371,0.0000,0.0241,0.2404,33.0411
1.4657,0.4494,1.2651,0.0000,0.0000,1.2651,0.0000,0.0000,0.0000,0.8371,0.0000,0.0241,0.2404,33.0411
1.4657,0.4121,1.2651,0.0000,0.0000,1.2651,0.0000,0.0000,0.0000,0.8371,0.0000,0.0241,0.2404,33.0411
1.4657,0.4121,1.2651,0.0000,0.0000,1.2651,0.0000,0.0000,0.0000,0.8371,0.0000,0.0241,0.2404,33.0328
1.4657,0.4121,1.2651,0.0000,0.0000,1.2651,0.0000,0.0000,0.0000,0.8371,0.0000,0.0241,0.2404,32.8886
1.4657,0.4121,1.2651,0.0000,0.0000,1.2651,0.0000,0.0000,0.0000,0.8371,0.0000,0.0241,0.2404,33.0328
1.4657,0.4082,1.2651,0.0000,0.0000,1.2651,0.0000,0.0000,0.0000,0.8371,0.0000,0.0241,0.2404,32.9088
1.4657,0.4159,1.2651,0.0000,0.0000,1.2651,0.0000,0.0000,0.0000,0.8371,0.0000,0.0241,0.2404,33.0411
1.4657,0.4121,1.2651,0.0000,0.0000,1.2651,0.0000,0.0000,0.0000,0.8371,0.0000,0.0241,0.2404,33.0411
1.4657,0.4121,1.2651,0.0000,0.0000,1.2651,0.0000,0.0000,0.0000,0.8371,0.0000,0.0241,0.2404,32.9389
1.4657,0.4121,1.2651,0.0000,0.0000,1.2651,0.0000,0.0000,0.0000,0.8371,0.0000,0.0241,0.2404,33.0411
1.4657,0.4121,1.2651,0.0000,0.0000,1.2651,0.0000,0.0000,0.0000,0.8371,0.0000,0.0241,0.2404,33.0411
1.4657,0.4121,1.2651,0.0000,0.0000,1.2651,0.0000,0.0000,0.0000,0.8371,0.0000,0.0241,0.2404,33.0411
1.4657,0.4121,1.2651,0.0000,0.0000,1.2651,0.0000,0.0000,0.0000,0.8371,0.0000,0.0241,0.2404,33.0411
1.4657,0.4121,1.2651,0.0000,0.0000,1.2651,0.0000,0.0000,0.0000,0.8371,0.0000,0.0241,0.2404,33.0411
1.4657,0.4121,1.2651,0.0000,0.0000,1.2651,0.0000,0.0000,0.0000,0.8371,0.0000,0.0241,0.2404,33.0411
35.9737,0.6633,7.7158,0.0000,0.0000,0.0000,0.0000,0.0000,7.7158,5.1055,0.0000,0.0000,0.0000,1602.5930
35.9736,0.6633,7.7158,0.0000,0.0000,0.0000,0.0000,0.0000,7.7157,5.1054,0.0000,0.0000,0.0000,1602.5856
35.9736,0.6633,7.7158,0.0000,0.0000,0.0000,0.0000,0.0000,7.7158,5.1054,0.0000,0.0000,0.0000,1602.5908
35.9737,0.6633,7.7158,0.0000,0.0000,0.0000,0.0000,0.0000,7.7158,5.1055,0.0000,0.0000,0.0000,1602.5930
35.9737,0.6633,7.7158,0.0000,0.0000,0.0000,0.0000,0.0000,7.7158,5.1055,0.0000,0.0000,0.0000,1602.5930
35.9736,0.6633,7.7158,0.0000,0.0000,0.0000,0.0000,0.0000,7.7158,5.1055,0.0000,0.0000,0.0000,1602.5908
35.9736,0.6633,7.7158,0.0000,0.0000,0.0000,0.0000,0.0000,7.7157,5.1054,0.0000,0.0000,0.0000,1602.5877
35.9737,0.6633,7.7158,0.0000,0.0000,0.0000,0.0000,0.0000,7.7158,5.1055,0.0000,0.0000,0.0000,1602.5930
35.9737,0.6633,7.7158,0.0000,0.0000,0.0000,0.0000,0.0000,7.7158,5.1055,0.0000,0.0000,0.0000,1602.5921
35.9737,0.6633,7.7158,0.0000,0.0000,0.0000,0.0000,0.0000,7.7158,5.1055,0.0000,0.0000,0.0000,1602.5930
35.9737,0.6633,7.7158,0.0000,0.0000,0.0000,0.0000,0.0000,7.7158,5.1055,0.0000,0.0000,0.0000,1602.5928
35.9737,0.6633,7.7158,0.0000,0.0000,0.0000,0.0000,0.0000,7.7158,5.1055,0.0000,0.0000,0.0000,1602.5928
35.9737,0.6633,7.7158,0.0000,0.0000,0.0000,0.0000,0.0000,7.7158,5.1055,0.0000,0.0000,0.0000,1602.5928
35.9737,0.6633,7.7158,0.0000,0.0000,0.0000,0.0000,0.0000,7.7158,5.1055,0.0000,0.0000,0.0000,1602.5928
35.9737,0.6633,7.7158,0.0000,0.0000,0.0000,0.0000,0.0000,7.7158,5.1055,0.0000,0.0000,0.0000,1602.5928
35.9737,0.6633,7.7158,0.0000,0.0000,0.0000,0.0000,0.0000,7.7158,5.1055,0.0000,0.0000,0.0000,1602.5928
35.9737,0.6633,7.7158,0.0000,0.0000,0.0000,0.0000,0.0000,7.7158,5.1055,0.0000,0.0000,0.0000,1602.5928
35.9737,0.6633,7.7158,0.0000,0.0000,0.0000,0.0000,0.0000,7.7158,5.1055,0.0000,0.0000,0.0000,1602.5928
35.9737,0.6633,7.7158,0.0000,0.0000,0.0000,0.0000,0.0000,7.7158,5.1055,0.0000,0.0000,0.0000,1602.5928
35.9737,0.6633,7.7158,0.0000,0.0000,0.0000,0.0000,0.0000,7.7158,5.1055,0.0000,0.0000,0.0000,1602.5928
35.9736,0.6633,7.7157,0.0000,0.0000,0.0000,0.0000,0.0000,7.7157,5.1054,0.0000,0.0000,0.0000,1602.5841
35.9737,0.6633,7.7158,0.0000,0.0000,0.0000,0.0000,0.0000,7.7158,5.1055,0.0000,0.0000,0.0000,1602.5928
35.9736,0.6633,7.7158,0.0000,0.0000,0.0000,0.0000,0.0000,7.7158,5.1054,0.0000,0.0000,0.0000,1602.5907
35.9736,0.6633,7.7157,0.0000,0.0000,0.0000,0.0000,0.0000,7.7157,5.1054,0.0000,0.0000,0.0000,1602.5835
35.9736,0.6633,7.7157,0.0000,0.0000,0.0000,0.0000,0.0000,7.7157,5.1054,0.0000,0.0000,0.0000,1602.5850
35.9734,0.6633,7.7157,0.0000,0.0000,0.0000,0.0001,0.0000,7.7157,5.1054,0.0000,0.0000,0.0000,1602.5701
35.9736,0.6633,7.7157,0.0000,0.0000,0.0000,0.0000,0.0000,7.7157,5.1054,0.0000,0.0000,0.0000,1602.5833
35.9736,0.6633,7.7158,0.0000,0.0000,0.0000,0.0000,0.0000,7.7158,5.1055,0.0000,0.0000,0.0000,1602.5909
35.9737,0.6633,7.7158,0.0000,0.0000,0.0000,0.0000,0.0000,7.7158,5.1055,0.0000,0.0000,0.0000,1602.5928
35.9737,0.6633,7.7158,0.0000,0.0000,0.0000,0.0000,0.0000,7.7158,5.1055,0.0000,0.0000,0.0000,1602.5928
16.2408,0.6763,4.1550,0.0000,0.0000,0.0000,4.1550,0.0000,0.0000,0.0000,2.7811,3.3333,0.0000,161.3730
16.2408,0.6763,4.1550,0.0000,0.0000,0.0000,4.1550,0.0000,0.0000,0.0000,2.7811,3.3333,0.0000,161.3730
16.2408,0.6763,4.1550,0.0000,0.0000,0.0000,4.1550,0.0000,0.0000,0.0000,2.7811,3.3333,0.0000,161.3730
16.2408,0.6763,4.1550,0.0000,0.0000,0.0000,4.1550,0.0000,0.0000,0.0000,2.7811,3.3333,0.0000,161.3730
16.2408,0.6763,4.1550,0.0000,0.0000,0.0000,4.1550,0.0000,0.0000,0.0000,2.7811,3.3333,0.0000,161.3730
16.2408,0.6763,4.1550,0.0000,0.0000,0.0000,4.1550,0.0000,0.0000,0.0000,2.7811,3.3333,0.0000,161.3730
16.2408,0.6763,4.1550,0.0000,0.0000,0.0000,4.1550,0.0000,0.0000,0.0000,2.7811,3.3333,0.0000,161.3730
16.2408,0.6763,4.1550,0.0000,0.0000,0.0000,4.1550,0.0000,0.0000,0.0000,2.7811,3.3333,0.0000,161.3730
232.9962,0.7043,10.7722,0.0000,0.0000,0.0000,0.0000,0.0000,10.7722,0.0000,3.4488,4.1336,3.9688,4647.4956
16.2408,0.6763,4.1550,0.0000,0.0000,0.0000,4.1550,0.0000,0.0000,0.0000,2.7811,3.3333,0.0000,161.3730
16.2408,0.6763,4.1550,0.0000,0.0000,0.0000,4.1550,0.0000,0.0000,0.0000,2.7811,3.3333,0.0000,161.3730
16.2408,0.6763,4.1550,0.0000,0.0000,0.0000,4.1550,0.0000,0.0000,0.0000,2.7811,3.3333,0.0000,161.3730
16.2408,0.6763,4.1550,0.0000,0.0000,0.0000,4.1550,0.0000,0.0000,0.0000,2.7811,3.3333,0.0000,161.3730
16.2408,0.6763,4.1550,0.0000,0.0000,0.0000,4.1550,0.0000,0.0000,0.0000,2.7811,3.3333,0.0000,161.3730
16.2408,0.6763,4.1550,0.0000,0.0000,0.0000,4.1550,0.0000,0.0000,0.0000,2.7811,3.3333,0.0000,161.3730
16.2408,0.6763,4.1550,0.0000,0.0000,0.0000,4.1550,0.0000,0.0000,0.0000,2.7811,3.3333,0.0000,161.3730
16.2408,0.6763,4.1550,0.0000,0.0000,0.0000,4.1550,0.0000,0.0000,0.0000,2.7811,3.3333,0.0000,161.3730
16.2408,0.6763,4.1550,0.0000,0.0000,0.0000,4.1550,0.0000,0.0000,0.0000,2.7811,3.3333,0.0000,161.3730
16.2408,0.6763,4.1550,0.0000,0.0000,0.0000,4.1550,0.0000,0.0000,0.0000,2.7811,3.3333,0.0000,161.3730
232.9962,0.7043,10.7722,0.0000,0.0000,0.0000,0.0000,0.0000,10.7722,0.0000,3.4488,4.1336,3.9688,4647.4956
16.2408,0.6763,4.1550,0.0000,0.0000,0.0000,4.1550,0.0000,0.0000,0.0000,2.7811,3.3333,0.0000,161.3730
16.2408,0.6763,4.1550,0.0000,0.0000,0.0000,4.1550,0.0000,0.0000,0.0000,2.7811,3.3333,0.0000,161.3730
16.2408,0.6763,4.1550,0.0000,0.0000,0.0000,4.1550,0.0000,0.0000,0.0000,2.7811,3.3333,0.0000,161.3730
16.2408,0.6763,4.1550,0.0000,0.0000,0.0000,4.1550,0.0000,0.0000,0.0000,2.7811,3.3333,0.0000,161.3730
16.2408,0.6763,4.1550,0.0000,0.0000,0.0000,4.1550,0.0000,0.0000,0.0000,2.7811,3.3333,0.0000,161.3730
16.2408,0.6763,4.1550,0.0000,0.0000,0.0000,4.1550,0.0000,0.0000,0.0000,2.7811,3.3333,0.0000,161.3730
16.2408,0.6763,4.1550,0.0000,0.0000,0.0000,4.1550,0.0000,0.0000,0.0000,2.7811,3.3333,0.0000,161.3730
16.2408,0.6763,4.1550,0.0000,0.0000,0.0000,4.1550,0.0000,0.0000,0.0000,2.7811,3.3333,0.0000,161.3730
16.2408,0.6763,4.1550,0.0000,0.0000,0.0000,4.1550,0.0000,0.0000,0.0000,2.7811,3.3333,0.0000,161.3730
16.2408,0.6763,4.1550,0.0000,0.0000,0.0000,4.1550,0.0000,0.0000,0.0000,2.7811,3.3333,0.0000,161.3730
4.4523,0.9709,2.6864,2.6864,0.0000,0.0000,0.0000,0.0000,0.0000,1.7776,0.0000,0.0512,0.5104,82.7949
1.0815,0.7031,0.7147,0.0000,0.7147,0.0000,0.0000,0.0000,0.0000,0.4729,0.0000,0.0136,0.1358,22.7366
1.0815,0.9713,0.7147,0.0000,0.7147,0.0000,0.0000,0.0000,0.0000,0.4729,0.0000,0.0136,0.1358,22.7366
4.4523,0.7049,2.6864,2.6864,0.0000,0.0000,0.0000,0.0000,0.0000,1.7776,0.0000,0.0512,0.5104,82.7949
1.6285,0.9725,1.2651,0.0000,0.0000,1.2651,0.0000,0.0000,0.0000,0.8371,0.0000,0.0241,0.2404,34.1078
4.4523,0.7049,2.6864,2.6864,0.0000,0.0000,0.0000,0.0000,0.0000,1.7776,0.0000,0.0512,0.5104,82.7949
4.4523,0.7049,2.6864,2.6864,0.0000,0.0000,0.0000,0.0000,0.0000,1.7776,0.0000,0.0512,0.5104,82.7949
4.4523,0.7049,2.6864,2.6864,0.0000,0.0000,0.0000,0.0000,0.0000,1.7776,0.0000,0.0512,0.5104,82.7949
44.4449,0.8842,10.7722,0.0000,0.0000,0.0000,0.0000,0.0000,10.7722,0.0000,7.2100,8.6416,0.0000,2311.6144
4.4523,0.7049,2.6864,2.6864,0.0000,0.0000,0.0000,0.0000,0.0000,1.7776,0.0000,0.0512,0.5104,82.7949
1.0815,0.7031,0.7147,0.0000,0.7147,0.0000,0.0000,0.0000,0.0000,0.4729,0.0000,0.0136,0.1358,22.7366
4.4523,0.8933,2.6864,2.6864,0.0000,0.0000,0.0000,0.0000,0.0000,1.7776,0.0000,0.0512,0.5104,82.7949
4.4523,0.7049,2.6864,2.6864,0.0000,0.0000,0.0000,0.0000,0.0000,1.7776,0.0000,0.0512,0.5104,82.7949
1.0815,0.8930,0.7147,0.0000,0.7147,0.0000,0.0000,0.0000,0.0000,0.4729,0.0000,0.0136,0.1358,22.7366
4.4523,0.7049,2.6864,2.6864,0.0000,0.0000,0.0000,0.0000,0.0000,1.7776,0.0000,0.0512,0.5104,82.7949
1.6285,0.8934,1.2651,0.0000,0.0000,1.2651,0.0000,0.0000,0.0000,0.8371,0.0000,0.0241,0.2404,34.1078
4.4523,0.7049,2.6864,2.6864,0.0000,0.0000,0.0000,0.0000,0.0000,1.7776,0.0000,0.0512,0.5104,82.7949
4.4523,0.7049,2.6864,2.6864,0.0000,0.0000,0.0000,0.0000,0.0000,1.7776,0.0000,0.0512,0.5104,82.7949
4.4523,0.7049,2.6864,2.6864,0.0000,0.0000,0.0000,0.0000,0.0000,1.7776,0.0000,0.0512,0.5104,82.7949
35.9737,0.8484,7.7158,0.0000,0.0000,0.0000,0.0000,0.0000,7.7158,5.1055,0.0000,0.0000,0.0000,1602.5930
1.6285,0.6827,1.2651,0.0000,0.0000,1.2651,0.0000,0.0000,0.0000,0.8371,0.0000,0.0241,0.2404,34.1078
4.4523,0.7280,2.6864,2.6864,0.0000,0.0000,0.0000,0.0000,0.0000,1.7776,0.0000,0.0512,0.5104,82.7949
4.4523,0.7049,2.6864,2.6864,0.0000,0.0000,0.0000,0.0000,0.0000,1.7776,0.0000,0.0512,0.5104,82.7949
0.0000,0.0000,0.0000,0.0000,0.0000,0.0000,0.0000,0.0000,0.0000,0.0000,0.0000,0.0000,0.0000,0.0000
4.4523,0.7049,2.6864,2.6864,0.0000,0.0000,0.0000,0.0000,0.0000,1.7776,0.0000,0.0512,0.5104,82.7949
4.4523,0.7049,2.6864,2.6864,0.0000,0.0000,0.0000,0.0000,0.0000,1.7776,0.0000,0.0512,0.5104,82.7949
4.4523,0.7049,2.6864,2.6864,0.0000,0.0000,0.0000,0.0000,0.0000,1.7776,0.0000,0.0512,0.5104,82.7949
4.4523,0.7049,2.6864,2.6864,0.0000,0.0000,0.0000,0.0000,0.0000,1.7776,0.0000,0.0512,0.5104,82.7949
4.4523,0.7049,2.6864,2.6864,0.0000,0.0000,0.0000,0.0000,0.0000,1.7776,0.0000,0.0512,0.5104,82.7949
4.4523,0.7049,2.6864,2.6864,0.0000,0.0000,0.0000,0.0000,0.0000,1.7776,0.0000,0.0512,0.5104,82.7949
0.0000,0.0000,0.0000,0.0000,0.0000,0.0000,0.0000,0.0000,0.0000,0.0000,0.0000,0.0000,0.0000,0.0000
0.0000,0.0000,0.0000,0.0000,0.0000,0.0000,0.0000,0.0000,0.0000,0.0000,0.0000,0.0000,0.0000,0.0000
1.6285,0.3708,1.2651,0.0000,0.0000,1.2651,0.0000,0.0000,0.0000,0.8371,0.0000,0.0241,0.2404,34.1078
1.6285,0.3708,1.2651,0.0000,0.0000,1.2651,0.0000,0.0000,0.0000,0.8371,0.0000,0.0241,0.2404,34.1078
1.6285,0.3708,1.2651,0.0000,0.0000,1.2651,0.0000,0.0000,0.0000,0.8371,0.0000,0.0241,0.2404,34.1078
1.6285,0.3708,1.2651,0.0000,0.0000,1.2651,0.0000,0.0000,0.0000,0.8371,0.0000,0.0241,0.2404,34.1078
0.0000,0.0000,0.0000,0.0000,0.0000,0.0000,0.0000,0.0000,0.0000,0.0000,0.0000,0.0000,0.0000,0.0000
1.6285,0.3708,1.2651,0.0000,0.0000,1.2651,0.0000,0.0000,0.0000,0.8371,0.0000,0.0241,0.2404,34.1078
1.6285,0.3708,1.2651,0.0000,0.0000,1.2651,0.0000,0.0000,0.0000,0.8371,0.0000,0.0241,0.2404,34.1078
1.6285,0.3708,1.2651,0.0000,0.0000,1.2651,0.0000,0.0000,0.0000,0.8371,0.0000,0.0241,0.2404,34.1078
1.6285,0.3708,1.2651,0.0000,0.0000,1.2651,0.0000,0.0000,0.0000,0.8371,0.0000,0.0241,0.2404,34.1078
1.6285,0.3708,1.2651,0.0000,0.0000,1.2651,0.0000,0.0000,0.0000,0.8371,0.0000,0.0241,0.2404,34.1078
1.6285,0.3708,1.2651,0.0000,0.0000,1.2651,0.0000,0.0000,0.0000,0.8371,0.0000,0.0241,0.2404,34.1078
0.0000,0.0000,0.0000,0.0000,0.0000,0.0000,0.0000,0.0000,0.0000,0.0000,0.0000,0.0000,0.0000,0.0000
1.0815,0.2915,0.7147,0.0000,0.7147,0.0000,0.0000,0.0000,0.0000,0.4729,0.0000,0.0136,0.1358,22.7366
1.6285,0.4718,1.2651,0.0000,0.0000,1.2651,0.0000,0.0000,0.0000,0.8371,0.0000,0.0241,0.2404,34.1078
1.6285,0.3708,1.2651,0.0000,0.0000,1.2651,0.0000,0.0000,0.0000,0.8371,0.0000,0.0241,0.2404,34.1078
1.6285,0.3708,1.2651,0.0000,0.0000,1.2651,0.0000,0.0000,0.0000,0.8371,0.0000,0.0241,0.2404,34.1078
1.6285,0.3708,1.2651,0.0000,0.0000,1.2651,0.0000,0.0000,0.0000,0.8371,0.0000,0.0241,0.2404,34.1078
1.6285,0.3708,1.2651,0.0000,0.0000,1.2651,0.0000,0.0000,0.0000,0.8371,0.0000,0.0241,0.2404,34.1078
1.6285,0.3606,1.2651,0.0000,0.0000,1.2651,0.0000,0.0000,0.0000,0.8371,0.0000,0.0241,0.2404,34.1078
0.0000,0.0000,0.0000,0.0000,0.0000,0.0000,0.0000,0.0000,0.0000,0.0000,0.0000,0.0000,0.0000,0.0000
1.6285,0.3708,1.2651,0.0000,0.0000,1.2651,0.0000,0.0000,0.0000,0.8371,0.0000,0.0241,0.2404,34.1078
1.6285,0.3708,1.2651,0.0000,0.0000,1.2651,0.0000,0.0000,0.0000,0.8371,0.0000,0.0241,0.2404,34.1078
1.6285,0.3708,1.2651,0.0000,0.0000,1.2651,0.0000,0.0000,0.0000,0.8371,0.0000,0.0241,0.2404,34.1078
1.6285,0.3708,1.2651,0.0000,0.0000,1.2651,0.0000,0.0000,0.0000,0.8371,0.0000,0.0241,0.2404,34.1078
1.6285,0.3708,1.2651,0.0000,0.0000,1.2651,0.0000,0.0000,0.0000,0.8371,0.0000,0.0241,0.2404,34.1078
1.6285,0.3708,1.2651,0.0000,0.0000,1.2651,0.0000,0.0000,0.0000,0.8371,0.0000,0.0241,0.2404,34.1078
1.6285,0.3708,1.2651,0.0000,0.0000,1.2651,0.0000,0.0000,0.0000,0.8371,0.0000,0.0241,0.2404,34.1078
1.6285,0.3708,1.2651,0.0000,0.0000,1.2651,0.0000,0.0000,0.0000,0.8371,0.0000,0.0241,0.2404,34.1078
35.9737,0.6633,7.7158,0.0000,0.0000,0.0000,0.0000,0.0000,7.7158,5.1055,0.0000,0.0000,0.0000,1602.5930
35.9737,0.6633,7.7158,0.0000,0.0000,0.0000,0.0000,0.0000,7.7158,5.1055,0.0000,0.0000,0.0000,1602.5926
35.9736,0.6633,7.7157,0.0000,0.0000,0.0000,0.0000,0.0000,7.7157,5.1054,0.0000,0.0000,0.0000,1602.5847
35.9736,0.6633,7.7158,0.0000,0.0000,0.0000,0.0000,0.0000,7.7158,5.1054,0.0000,0.0000,0.0000,1602.5896
35.9736,0.6633,7.7157,0.0000,0.0000,0.0000,0.0000,0.0000,7.7157,5.1054,0.0000,0.0000,0.0000,1602.5848
0.0000,0.0000,0.0000,0.0000,0.0000,0.0000,0.0000,0.0000,0.0000,0.0000,0.0000,0.0000,0.0000,0.0000
35.9737,0.6633,7.7158,0.0000,0.0000,0.0000,0.0000,0.0000,7.7158,5.1055,0.0000,0.0000,0.0000,1602.5930
35.9736,0.6633,7.7158,0.0000,0.0000,0.0000,0.0000,0.0000,7.7158,5.1054,0.0000,0.0000,0.0000,1602.5899
35.9737,0.6633,7.7158,0.0000,0.0000,0.0000,0.0000,0.0000,7.7158,5.1055,0.0000,0.0000,0.0000,1602.5930
35.9737,0.6633,7.7158,0.0000,0.0000,0.0000,0.0000,0.0000,7.7158,5.1055,0.0000,0.0000,0.0000,1602.5930
0.0000,0.0000,0.0000,0.0000,0.0000,0.0000,0.0000,0.0000,0.0000,0.0000,0.0000,0.0000,0.0000,0.0000
35.9737,0.6633,7.7158,0.0000,0.0000,0.0000,0.0000,0.0000,7.7158,5.1055,0.0000,0.0000,0.0000,1602.5928
35.9737,0.6633,7.7158,0.0000,0.0000,0.0000,0.0000,0.0000,7.7158,5.1055,0.0000,0.0000,0.0000,1602.5928
35.9737,0.6633,7.7158,0.0000,0.0000,0.0000,0.0000,0.0000,7.7158,5.1055,0.0000,0.0000,0.0000,1602.5928
35.9737,0.6633,7.7158,0.0000,0.0000,0.0000,0.0000,0.0000,7.7158,5.1055,0.0000,0.0000,0.0000,1602.5928
35.9737,0.6633,7.7158,0.0000,0.0000,0.0000,0.0000,0.0000,7.7158,5.1055,0.0000,0.0000,0.0000,1602.5928
35.9737,0.6633,7.7158,0.0000,0.0000,0.0000,0.0000,0.0000,7.7158,5.1055,0.0000,0.0000,0.0000,1602.5928
35.9737,0.6633,7.7158,0.0000,0.0000,0.0000,0.0000,0.0000,7.7158,5.1055,0.0000,0.0000,0.0000,1602.5928
0.0000,0.0000,0.0000,0.0000,0.0000,0.0000,0.0000,0.0000,0.0000,0.0000,0.0000,0.0000,0.0000,0.0000
35.9737,0.6633,7.7158,0.0000,0.0000,0.0000,0.0000,0.0000,7.7158,5.1055,0.0000,0.0000,0.0000,1602.5928
0.0000,0.0000,0.0000,0.0000,0.0000,0.0000,0.0000,0.0000,0.0000,0.0000,0.0000,0.0000,0.0000,0.0000
35.9737,0.6633,7.7158,0.0000,0.0000,0.0000,0.0000,0.0000,7.7158,5.1055,0.0000,0.0000,0.0000,1602.5930
35.9736,0.6633,7.7157,0.0000,0.0000,0.0000,0.0000,0.0000,7.7157,5.1054,0.0000,0.0000,0.0000,1602.5839
35.9736,0.6633,7.7157,0.0000,0.0000,0.0000,0.0000,0.0000,7.7157,5.1054,0.0000,0.0000,0.0000,1602.5834
35.9737,0.6633,7.7158,0.0000,0.0000,0.0000,0.0000,0.0000,7.7158,5.1055,0.0000,0.0000,0.0000,1602.5929
35.9736,0.6633,7.7158,0.0000,0.0000,0.0000,0.0000,0.0000,7.7157,5.1054,0.0000,0.0000,0.0000,1602.5866
35.9736,0.6633,7.7157,0.0000,0.0000,0.0000,0.0000,0.0000,7.7157,5.1054,0.0000,0.0000,0.0000,1602.5843
35.9735,0.6633,7.7157,0.0000,0.0000,0.0000,0.0000,0.0000,7.7157,5.1054,0.0000,0.0000,0.0000,1602.5833
35.9737,0.6633,7.7158,0.0000,0.0000,0.0000,0.0000,0.0000,7.7158,5.1055,0.0000,0.0000,0.0000,1602.5928
35.9737,0.6633,7.7158,0.0000,0.0000,0.0000,0.0000,0.0000,7.7158,5.1055,0.0000,0.0000,0.0000,1602.5928
232.9962,0.7043,10.7722,0.0000,0.0000,0.0000,0.0000,0.0000,10.7722,0.0000,3.4488,4.1336,3.9688,4647.4956
16.2408,0.6763,4.1550,0.0000,0.0000,0.0000,4.1550,0.0000,0.0000,0.0000,2.7811,3.3333,0.0000,161.3730
16.2408,0.6763,4.1550,0.0000,0.0000,0.0000,4.1550,0.0000,0.0000,0.0000,2.7811,3.3333,0.0000,161.3730
16.2408,0.6763,4.1550,0.0000,0.0000,0.0000,4.1550,0.0000,0.0000,0.0000,2.7811,3.3333,0.0000,161.3730
16.2408,0.6763,4.1550,0.0000,0.0000,0.0000,4.1550,0.0000,0.0000,0.0000,2.7811,3.3333,0.0000,161.3730
16.2408,0.6763,4.1550,0.0000,0.0000,0.0000,4.1550,0.0000,0.0000,0.0000,2.7811,3.3333,0.0000,161.3730
16.2408,0.6763,4.1550,0.0000,0.0000,0.0000,4.1550,0.0000,0.0000,0.0000,2.7811,3.3333,0.0000,161.3730
16.2408,0.6763,4.1550,0.0000,0.0000,0.0000,4.1550,0.0000,0.0000,0.0000,2.7811,3.3333,0.0000,161.3730
232.9962,0.7043,10.7722,0.0000,0.0000,0.0000,0.0000,0.0000,10.7722,0.0000,3.4488,4.1336,3.9688,4647.4956
16.2408,0.6763,4.1550,0.0000,0.0000,0.0000,4.1550,0.0000,0.0000,0.0000,2.7811,3.3333,0.0000,161.3730
16.2408,0.6763,4.1550,0.0000,0.0000,0.0000,4.1550,0.0000,0.0000,0.0000,2.7811,3.3333,0.0000,161.3730
16.2408,0.6763,4.1550,0.0000,0.0000,0.0000,4.1550,0.0000,0.0000,0.0000,2.7811,3.3333,0.0000,161.3730
16.2408,0.6763,4.1550,0.0000,0.0000,0.0000,4.1550,0.0000,0.0000,0.0000,2.7811,3.3333,0.0000,161.3730
16.2408,0.6763,4.1550,0.0000,0.0000,0.0000,4.1550,0.0000,0.0000,0.0000,2.7811,3.3333,0.0000,161.3730
16.2408,0.6763,4.1550,0.0000,0.0000,0.0000,4.1550,0.0000,0.0000,0.0000,2.7811,3.3333,0.0000,161.3730
16.2408,0.6763,4.1550,0.0000,0.0000,0.0000,4.1550,0.0000,0.0000,0.0000,2.7811,3.3333,0.0000,161.3730
16.2408,0.6763,4.1550,0.0000,0.0000,0.0000,4.1550,0.0000,0.0000,0.0000,2.7811,3.3333,0.0000,161.3730
0.0000,0.0000,0.0000,0.0000,0.0000,0.0000,0.0000,0.0000,0.0000,0.0000,0.0000,0.0000,0.0000,0.0000
16.2408,0.6763,4.1550,0.0000,0.0000,0.0000,4.1550,0.0000,0.0000,0.0000,2.7811,3.3333,0.0000,161.3730
16.2408,0.6763,4.1550,0.0000,0.0000,0.0000,4.1550,0.0000,0.0000,0.0000,2.7811,3.3333,0.0000,161.3730
16.2408,0.6763,4.1550,0.0000,0.0000,0.0000,4.1550,0.0000,0.0000,0.0000,2.7811,3.3333,0.0000,161.3730
16.2408,0.6763,4.1550,0.0000,0.0000,0.0000,4.1550,0.0000,0.0000,0.0000,2.7811,3.3333,0.0000,161.3730
0.0000,0.0000,0.0000,0.0000,0.0000,0.0000,0.0000,0.0000,0.0000,0.0000,0.0000,0.0000,0.0000,0.0000
232.9962,0.7043,10.7722,0.0000,0.0000,0.0000,0.0000,0.0000,10.7722,0.0000,3.4488,4.1336,3.9688,4647.4956
232.9962,0.7043,10.7722,0.0000,0.0000,0.0000,0.0000,0.0000,10.7722,0.0000,3.4488,4.1336,3.9688,4647.4956
16.2408,0.6763,4.1550,0.0000,0.0000,0.0000,4.1550,0.0000,0.0000,0.0000,2.7811,3.3333,0.0000,161.3730
16.2408,0.6763,4.1550,0.0000,0.0000,0.0000,4.1550,0.0000,0.0000,0.0000,2.7811,3.3333,0.0000,161.3730
16.2408,0.6763,4.1550,0.0000,0.0000,0.0000,4.1550,0.0000,0.0000,0.0000,2.7811,3.3333,0.0000,161.3730
16.2408,0.6763,4.1550,0.0000,0.0000,0.0000,4.1550,0.0000,0.0000,0.0000,2.7811,3.3333,0.0000,161.3730
16.2408,0.6763,4.1550,0.0000,0.0000,0.0000,4.1550,0.0000,0.0000,0.0000,2.7811,3.3333,0.0000,161.3730
      0.0000,      0.0000,      0.0000,      0.0000,      0.0000,      0.0000,      0.0000,      0.0000,      0.0000,      0.0000,      0.0000,      0.0000,      0.0000,      0.0000
      0.0000,      0.0000,      0.0000,      0.0000,      0.0000,      0.0000,      0.0000,      0.0000,      0.0000,      0.0000,      0.0000,      0.0000,      0.0000,      0.0000
