1,3.5267,1.3565,8.5782,1.8597,1.5601,0.2997,0.0000,0.0000,0.0000,0.0000,1.2306,0.0000,0.0000,0.0000,0.6943,0.0000,0.3573,0.0000,0.0000,0.0000,0.0000,0.0000,0.0000,4.8851,0.0552,0.0000,0.0000,0.0000,1.0000,0.0000,0.0000,0.0000,0.0000
2,1.0625,0.3955,2.5118,0.7147,0.0000,0.7147,0.0000,0.0000,0.0000,0.0000,0.4729,0.0000,0.0000,0.0000,0.0000,0.0000,0.0000,0.0000,0.0000,0.0000,0.0000,0.0000,0.1608,1.8244,0.0274,0.0000,0.0000,0.0000,1.0000,0.0000,0.0000,0.0000,0.0000
3,0.7842,0.0000,2.9585,0.7147,0.0000,0.7147,0.0000,0.0000,0.0000,0.0000,0.0000,0.0000,0.0000,0.0000,0.0000,0.0000,0.0000,0.0000,0.0000,0.0000,0.0000,0.0000,0.0000,1.1966,0.0135,0.0000,0.0000,0.0000,1.0000,0.0000,0.0000,0.0000,0.0000
5,1.0863,0.5189,2.6374,0.7147,0.0000,0.7147,0.0000,0.0000,0.0000,0.0000,0.4729,0.0000,0.0000,0.0000,0.0485,0.0000,0.0169,0.0000,0.0000,0.0000,0.0000,0.0000,0.1369,1.8240,0.0264,0.0000,0.0000,0.0000,1.0000,0.0000,0.0000,0.0000,0.0000
6,1.0936,0.5015,2.6374,0.7248,0.0009,0.7023,0.0216,0.0000,0.0000,0.0000,0.4795,0.0000,0.0001,0.0000,0.0424,0.0000,0.0148,0.0000,0.0000,0.0000,0.0000,0.0000,0.1426,1.8487,0.0269,0.0000,0.0000,0.0000,1.0000,0.0000,0.0000,0.0000,0.0000
7,1.0863,0.5189,2.6374,0.7147,0.0000,0.7147,0.0000,0.0000,0.0000,0.0000,0.4729,0.0000,0.0000,0.0000,0.0485,0.0000,0.0169,0.0000,0.0000,0.0000,0.0000,0.0000,0.1369,1.8240,0.0264,0.0000,0.0000,0.0000,1.0000,0.0000,0.0000,0.0000,0.0000
8,1.0747,0.4931,2.6374,0.7147,0.0000,0.7147,0.0000,0.0000,0.0000,0.0000,0.4578,0.0000,0.0000,0.0000,0.0430,0.0000,0.0150,0.0000,0.0000,0.0000,0.0000,0.0000,0.1345,1.8040,0.0261,0.0000,0.0000,0.0000,1.0000,0.0000,0.0000,0.0000,0.0000
9,0.8234,0.1134,2.9949,0.7147,0.0000,0.7147,0.0000,0.0000,0.0000,0.0000,0.0421,0.0000,0.0001,0.0000,0.0290,0.0000,0.0101,0.0000,0.0000,0.0000,0.0000,0.0000,0.0000,1.2523,0.0142,0.0000,0.0000,0.0000,1.0000,0.0000,0.0000,0.0000,0.0000
10,1.4469,1.2855,3.8684,0.8273,0.1512,0.6741,0.0002,0.0019,0.0000,0.0000,0.5471,0.0000,0.0004,0.0000,0.3615,0.0000,0.1370,0.0000,0.0000,0.0000,0.0000,0.0000,0.0000,2.1207,0.0240,0.0000,0.0000,0.0000,1.0000,0.0000,0.0000,0.0000,0.0023
11,1.4599,1.2059,4.0154,0.8517,0.1703,0.6539,0.0275,0.0000,0.0000,0.0000,0.5444,0.0112,0.0145,0.0098,0.3420,0.0000,0.1301,0.0000,0.0000,0.0000,0.0000,0.0000,0.0000,2.1697,0.0245,0.0000,0.0000,0.0000,1.0000,0.0000,0.0000,0.0000,0.0000
12,1.5126,1.2942,4.0145,0.8591,0.1966,0.6624,0.0000,0.0001,0.0000,0.0000,0.5684,0.0000,0.0000,0.0001,0.3727,0.0000,0.1442,0.0000,0.0000,0.0000,0.0000,0.0000,0.0000,2.2079,0.0250,0.0000,0.0000,0.0000,1.0000,0.0000,0.0000,0.0000,0.0001
13,1.4539,1.2474,3.9313,0.8223,0.1430,0.6732,0.0061,0.0000,0.0000,0.0000,0.5432,0.0000,0.0000,0.0000,0.3579,0.0000,0.1351,0.0000,0.0000,0.0000,0.0000,0.0015,0.0000,2.1454,0.0243,0.0000,0.0000,0.0000,1.0000,0.0000,0.0000,0.0000,0.0000
14,0.8234,0.1140,2.9941,0.7147,0.0000,0.7147,0.0000,0.0000,0.0000,0.0000,0.0423,0.0000,0.0000,0.0000,0.0292,0.0000,0.0102,0.0000,0.0000,0.0000,0.0000,0.0000,0.0000,1.2525,0.0142,0.0000,0.0000,0.0000,1.0000,0.0000,0.0000,0.0000,0.0000
15,1.3516,1.2586,3.6735,0.7846,0.0860,0.6831,0.0155,0.0000,0.0000,0.0000,0.5192,0.0000,0.0005,0.0047,0.3407,0.0000,0.1249,0.0000,0.0000,0.0000,0.0000,0.0000,0.0000,1.9963,0.0226,0.0000,0.0000,0.0000,1.0000,0.0000,0.0000,0.0000,0.0000
16,1.9502,1.2127,5.1046,1.1075,0.4977,0.5725,0.0085,0.0287,0.0000,0.0000,0.7281,0.0000,0.0024,0.0307,0.4150,0.0000,0.1766,0.0000,0.0000,0.0000,0.0000,0.0000,0.0000,2.7938,0.0316,0.0000,0.0000,0.0000,1.0000,0.0000,0.0000,0.0000,0.0259
17,1.9365,1.2289,4.9963,1.1001,0.4613,0.5800,0.0049,0.0540,0.0000,0.0000,0.7276,0.0000,0.0015,0.0290,0.4288,0.0000,0.1834,0.0000,0.0000,0.0000,0.0000,0.0000,0.0000,2.7887,0.0315,0.0000,0.0000,0.0000,1.0000,0.0000,0.0000,0.0000,0.0491
18,1.8324,1.3092,4.7407,1.0183,0.4128,0.6041,0.0014,0.0000,0.0000,0.0000,0.6738,0.0000,0.0000,0.0003,0.4233,0.0000,0.1779,0.0000,0.0000,0.0000,0.0000,0.0000,0.0000,2.6331,0.0298,0.0000,0.0000,0.0000,1.0000,0.0000,0.0000,0.0000,0.0000
19,0.8234,0.1140,2.9943,0.7147,0.0000,0.7147,0.0000,0.0000,0.0000,0.0000,0.0424,0.0000,0.0000,0.0000,0.0291,0.0000,0.0101,0.0000,0.0000,0.0000,0.0000,0.0000,0.0000,1.2525,0.0142,0.0000,0.0000,0.0000,1.0000,0.0000,0.0000,0.0000,0.0000
20,1.4506,1.2852,3.8791,0.8292,0.1560,0.6732,0.0000,0.0000,0.0000,0.0000,0.5476,0.0000,0.0001,0.0007,0.3613,0.0000,0.1370,0.0000,0.0000,0.0000,0.0000,0.0000,0.0000,2.1249,0.0240,0.0000,0.0000,0.0000,1.0000,0.0000,0.0000,0.0000,0.0000
21,1.9228,1.2222,5.0980,1.0852,0.5043,0.5801,0.0007,0.0000,0.0000,0.0000,0.7181,0.0000,0.0029,0.0287,0.4018,0.0000,0.1682,0.0000,0.0000,0.0000,0.0000,0.0000,0.0000,2.7416,0.0310,0.0000,0.0000,0.0000,1.0000,0.0000,0.0000,0.0000,0.0000
22,2.3862,1.2143,6.1522,1.3276,0.7852,0.4615,0.0773,0.0036,0.0000,0.0000,0.8782,0.0003,0.0035,0.0324,0.4667,0.0000,0.2206,0.0000,0.0000,0.0000,0.0000,0.0000,0.0000,3.3787,0.0382,0.0000,0.0000,0.0000,1.0000,0.0000,0.0000,0.0000,0.0027
23,1.2222,1.2747,3.3565,0.7147,0.0000,0.7147,0.0000,0.0000,0.0000,0.0000,0.4729,0.0000,0.0000,0.0000,0.3263,0.0000,0.1135,0.0000,0.0000,0.0000,0.0000,0.0000,0.0000,1.8218,0.0206,0.0000,0.0000,0.0000,1.0000,0.0000,0.0000,0.0000,0.0000
24,0.8234,0.1123,2.9965,0.7147,0.0000,0.7147,0.0000,0.0000,0.0000,0.0000,0.0417,0.0000,0.0004,0.0000,0.0288,0.0000,0.0100,0.0000,0.0000,0.0000,0.0000,0.0000,0.0000,1.2519,0.0142,0.0000,0.0000,0.0000,1.0000,0.0000,0.0000,0.0000,0.0000
25,1.4412,1.2722,3.8635,0.8279,0.1473,0.6726,0.0039,0.0041,0.0000,0.0000,0.5469,0.0000,0.0003,0.0038,0.3580,0.0000,0.1352,0.0000,0.0000,0.0000,0.0000,0.0000,0.0000,2.1144,0.0239,0.0000,0.0000,0.0000,1.0000,0.0000,0.0000,0.0000,0.0050
26,2.0869,1.2590,5.4543,1.1518,0.5834,0.5479,0.0205,0.0000,0.0000,0.0000,0.7408,0.0186,0.0231,0.0075,0.4406,0.0000,0.1952,0.0000,0.0000,0.0000,0.0000,0.0000,0.0000,3.0055,0.0340,0.0000,0.0000,0.0000,1.0000,0.0000,0.0000,0.0000,0.0000
27,1.8587,1.2120,5.0314,1.0532,0.4492,0.5884,0.0105,0.0052,0.0000,0.0000,0.6661,0.0312,0.0388,0.0153,0.3944,0.0000,0.1659,0.0000,0.0000,0.0000,0.0000,0.0000,0.0000,2.7425,0.0310,0.0000,0.0000,0.0000,1.0000,0.0000,0.0000,0.0004,0.0049
28,3.3074,1.3337,8.1201,1.7578,1.4176,0.3341,0.0061,0.0000,0.0000,0.0000,1.1612,0.0000,0.0007,0.0069,0.6497,0.0000,0.3293,0.0000,0.0000,0.0000,0.0000,0.0000,0.0000,4.5924,0.0519,0.0000,0.0000,0.0000,1.0000,0.0000,0.0000,0.0000,0.0000
