Cost,DoC,GWP,TotPlastics(kg),HDPE,LDPE,PP,PLA,PHA,Paper,Reprocess,Pyrolysis,Landfill,Incineration,LABS from chemical recycling of PE,C4 Gas Mixture Pyrolysis,Light Liquid Fuel Pyrolysis,Clay reycled PLA,Lipase based PLA recycling,Lactic acid from acid hydrolysis,Me-Lactate from alcoholysis,Clinker,Lumber
5.8295,0.6521,17.5033,2.6864,2.6864,0.0000,0.0000,0.0000,0.0000,0.0000,1.7776,0.0000,0.0000,0.0000,0.0000,0.0587,0.7821,0.0000,0.0000,0.0000,0.0000,0.0000,0.0000
1.1203,0.3955,2.7837,0.7147,0.0000,0.7147,0.0000,0.0000,0.0000,0.0000,0.4729,0.0000,0.0000,0.0000,0.0000,0.0000,0.0000,0.0000,0.0000,0.0000,0.0000,0.0000,0.1608
0.7842,0.0000,2.9585,0.7147,0.0000,0.7147,0.0000,0.0000,0.0000,0.0000,0.0000,0.0000,0.0000,0.0000,0.0000,0.0000,0.0000,0.0000,6.8489,0.0000,0.0000,0.0000,0.0000
1.5076,0.4794,5.2022,0.8941,0.2442,0.6496,0.0003,0.0000,0.0000,0.0000,0.5916,0.0000,0.0145,0.1446,0.0000,0.0053,0.0711,0.0000,0.0000,0.0000,0.0000,0.0000,0.0000
1.6557,0.4794,5.4985,0.9559,0.3287,0.6273,0.0000,0.0000,0.0000,0.0000,0.6325,0.0000,0.0103,0.1030,0.0000,0.0067,0.0887,0.0000,0.0000,0.0000,0.0000,0.0427,0.0000
1.6274,0.4794,5.6246,0.9674,0.3011,0.5935,0.0728,0.0000,0.0000,0.0000,0.6272,0.0130,0.0305,0.1484,0.0000,0.0063,0.0837,0.0000,0.0000,0.0000,0.0000,0.0000,0.0000
1.5076,0.4794,5.2022,0.8941,0.2442,0.6496,0.0003,0.0000,0.0000,0.0000,0.5916,0.0000,0.0145,0.1446,0.0000,0.0053,0.0711,0.0000,0.0000,0.0000,0.0000,0.0000,0.0000
1.0285,0.3721,3.8504,0.7147,0.0000,0.7147,0.0000,0.0000,0.0000,0.0000,0.3927,0.0108,0.0262,0.1320,0.0000,0.0000,0.0000,0.0000,0.0000,0.0000,0.0000,0.0000,0.0000
1.0285,0.3721,3.8504,0.7147,0.0000,0.7147,0.0000,0.0000,0.0000,0.0000,0.3927,0.0108,0.0262,0.1320,0.0000,0.0000,0.0000,0.0000,0.0000,0.0000,0.0000,0.0000,0.0000
1.0285,0.3721,3.8504,0.7147,0.0000,0.7147,0.0000,0.0000,0.0000,0.0000,0.3927,0.0108,0.0262,0.1320,0.0000,0.0000,0.0000,0.0000,0.0000,0.0000,0.0000,0.0000,0.0000
1.0285,0.3721,3.8504,0.7147,0.0000,0.7147,0.0000,0.0000,0.0000,0.0000,0.3927,0.0108,0.0262,0.1320,0.0000,0.0000,0.0000,0.0000,0.0000,0.0000,0.0000,0.0000,0.0000
1.1197,0.3949,2.7840,0.7147,0.0000,0.7147,0.0000,0.0000,0.0000,0.0000,0.4721,0.0000,0.0000,0.0000,0.0000,0.0000,0.0000,0.0000,0.0000,0.0000,0.0000,0.0000,0.1605
0.9551,0.2647,3.5928,0.7147,0.0000,0.7147,0.0000,0.0000,0.0000,0.0000,0.2735,0.0103,0.0216,0.0920,0.0000,0.0000,0.0000,0.0000,0.0000,0.0000,0.0000,0.0000,0.0000
0.9551,0.2647,3.5930,0.7147,0.0000,0.7147,0.0000,0.0000,0.0000,0.0000,0.2735,0.0103,0.0216,0.0920,0.0000,0.0000,0.0000,0.0000,0.0000,0.0000,0.0000,0.0000,0.0000
0.9551,0.2647,3.5928,0.7147,0.0000,0.7147,0.0000,0.0000,0.0000,0.0000,0.2735,0.0103,0.0216,0.0920,0.0000,0.0000,0.0000,0.0000,0.0000,0.0000,0.0000,0.0000,0.0000
0.9551,0.2647,3.5905,0.7147,0.0000,0.7147,0.0000,0.0000,0.0000,0.0000,0.2738,0.0097,0.0209,0.0921,0.0000,0.0000,0.0000,0.0000,0.0000,0.0000,0.0000,0.0000,0.0000
1.1203,0.3956,2.7840,0.7147,0.0000,0.7147,0.0000,0.0000,0.0000,0.0000,0.4729,0.0000,0.0000,0.0000,0.0000,0.0000,0.0000,0.0000,0.0000,0.0000,0.0000,0.0000,0.1608
0.8841,0.1574,3.3436,0.7147,0.0000,0.7147,0.0000,0.0000,0.0000,0.0000,0.1583,0.0098,0.0171,0.0532,0.0000,0.0000,0.0000,0.0000,0.0000,0.0000,0.0000,0.0000,0.0000
0.9094,0.1574,3.2091,0.7147,0.0000,0.7147,0.0000,0.0000,0.0000,0.0000,0.1791,0.0000,0.0005,0.0050,0.0000,0.0000,0.0000,0.0000,0.0000,0.0000,0.0000,0.0558,0.0000
0.9089,0.1574,3.2110,0.7147,0.0000,0.7147,0.0000,0.0000,0.0000,0.0000,0.1788,0.0000,0.0006,0.0060,0.0000,0.0000,0.0000,0.0000,0.0000,0.0000,0.0000,0.0547,0.0000
0.9068,0.1574,3.2190,0.7147,0.0000,0.7147,0.0000,0.0000,0.0000,0.0000,0.1774,0.0000,0.0010,0.0101,0.0000,0.0000,0.0000,0.0000,0.0000,0.0000,0.0000,0.0502,0.0000
1.1197,0.3949,2.7840,0.7147,0.0000,0.7147,0.0000,0.0000,0.0000,0.0000,0.4721,0.0000,0.0000,0.0000,0.0000,0.0000,0.0000,0.0000,0.0000,0.0000,0.0000,0.0000,0.1605
0.8153,0.0500,3.1024,0.7147,0.0000,0.7147,0.0000,0.0000,0.0000,0.0000,0.0468,0.0093,0.0127,0.0157,0.0000,0.0000,0.0000,0.0000,0.0000,0.0000,0.0000,0.0000,0.0000
0.8153,0.0500,3.1024,0.7147,0.0000,0.7147,0.0000,0.0000,0.0000,0.0000,0.0468,0.0093,0.0127,0.0157,0.0000,0.0000,0.0000,0.0000,0.0000,0.0000,0.0000,0.0000,0.0000
0.8153,0.0500,3.1024,0.7147,0.0000,0.7147,0.0000,0.0000,0.0000,0.0000,0.0468,0.0093,0.0127,0.0157,0.0000,0.0000,0.0000,0.0000,0.0000,0.0000,0.0000,0.0000,0.0000
0.8153,0.0500,3.0977,0.7147,0.0000,0.7147,0.0000,0.0000,0.0000,0.0000,0.0473,0.0081,0.0113,0.0159,0.0000,0.0000,0.0000,0.0000,0.0000,0.0000,0.0000,0.0000,0.0000
1.1197,0.3949,2.7840,0.7147,0.0000,0.7147,0.0000,0.0000,0.0000,0.0000,0.4721,0.0000,0.0000,0.0000,0.0000,0.0000,0.0000,0.0000,0.0000,0.0000,0.0000,0.0000,0.1605
