1,3.6770,1.3565,9.2857,1.8597,1.5601,0.2997,0.0000,0.0000,0.0000,0.0000,1.2306,0.0000,0.0000,0.0000,0.6943,0.0000,0.3573,0.0000,0.0000,0.0000,0.0000,0.0000,0.0000,5.8473,0.0661,0.0000,0.0000,0.0000,1.0000,0.0000,0.0000,0.0000,0.0000
2,1.1203,0.3955,2.7837,0.7147,0.0000,0.7147,0.0000,0.0000,0.0000,0.0000,0.4729,0.0000,0.0000,0.0000,0.0000,0.0000,0.0000,0.0000,0.0000,0.0000,0.0000,0.0000,0.1608,2.1942,0.0316,0.0000,0.0000,0.0000,1.0000,0.0000,0.0000,0.0000,0.0000
3,0.7842,0.0000,2.9585,0.7147,0.0000,0.7147,0.0000,0.0000,0.0000,0.0000,0.0000,0.0000,0.0000,0.0000,0.0000,0.0000,0.0000,0.0000,0.0000,0.0000,0.0000,0.0000,0.0000,1.1966,0.0135,0.0000,0.0000,0.0000,1.0000,0.0000,0.0000,0.0000,0.0000
4,0.8208,0.0014,2.9229,2.6031,0.0000,0.3204,0.0042,2.2785,0.0000,0.0000,0.0090,0.0000,0.0003,0.0067,0.0008,0.0000,0.0003,0.0000,0.0000,0.0000,0.0000,0.0000,0.0000,2.2046,0.0249,0.0000,0.0000,0.0000,1.0000,0.0000,0.0000,0.0000,0.8753
5,1.1466,0.5325,2.9229,0.7147,0.0000,0.7147,0.0000,0.0000,0.0000,0.0000,0.4729,0.0000,0.0000,0.0000,0.0538,0.0000,0.0187,0.0000,0.0000,0.0000,0.0000,0.0000,0.1343,2.1937,0.0305,0.0000,0.0000,0.0000,1.0000,0.0000,0.0000,0.0000,0.0000
6,1.1466,0.5325,2.9229,0.7147,0.0000,0.7147,0.0000,0.0000,0.0000,0.0000,0.4729,0.0000,0.0000,0.0000,0.0538,0.0000,0.0187,0.0000,0.0000,0.0000,0.0000,0.0000,0.1343,2.1937,0.0305,0.0000,0.0000,0.0000,1.0000,0.0000,0.0000,0.0000,0.0000
7,1.1158,0.4849,2.9229,0.7147,0.0000,0.7147,0.0000,0.0000,0.0000,0.0000,0.4329,0.0000,0.0000,0.0000,0.0474,0.0000,0.0165,0.0000,0.0000,0.0000,0.0000,0.0000,0.1238,2.1097,0.0291,0.0000,0.0000,0.0000,1.0000,0.0000,0.0000,0.0000,0.0000
8,0.8234,0.1007,3.0114,0.7147,0.0000,0.7147,0.0000,0.0000,0.0000,0.0000,0.0374,0.0000,0.0000,0.0000,0.0258,0.0000,0.0090,0.0000,0.0000,0.0000,0.0000,0.0000,0.0000,1.2752,0.0144,0.0000,0.0000,0.0000,1.0000,0.0000,0.0000,0.0000,0.0000
9,1.6917,1.2722,4.6098,0.9195,0.2614,0.6409,0.0034,0.0139,0.0000,0.0000,0.6083,0.0001,0.0006,0.0079,0.3859,0.0000,0.1536,0.0000,0.0000,0.0000,0.0000,0.0000,0.0000,2.8279,0.0320,0.0000,0.0000,0.0000,1.0000,0.0000,0.0000,0.0000,0.0151
10,1.7784,1.2875,4.8213,0.9574,0.3216,0.6218,0.0126,0.0013,0.0000,0.0000,0.6335,0.0000,0.0003,0.0037,0.3988,0.0000,0.1626,0.0000,0.0000,0.0000,0.0000,0.0000,0.0000,2.9564,0.0334,0.0000,0.0000,0.0000,1.0000,0.0000,0.0000,0.0000,0.0014
11,1.7817,1.2247,4.8891,0.8961,0.2462,0.6491,0.0000,0.0009,0.0000,0.0000,0.5574,0.0149,0.0179,0.0004,0.3612,0.0000,0.1428,0.0000,0.0000,0.0000,0.0000,0.0000,0.0000,2.8080,0.0317,0.0000,0.0000,0.0000,1.0000,0.0000,0.0000,0.0000,0.0010
12,0.8234,0.1007,3.0114,0.7147,0.0000,0.7147,0.0000,0.0000,0.0000,0.0000,0.0374,0.0000,0.0000,0.0000,0.0258,0.0000,0.0090,0.0000,0.0000,0.0000,0.0000,0.0000,0.0000,1.2752,0.0144,0.0000,0.0000,0.0000,1.0000,0.0000,0.0000,0.0000,0.0000
13,1.3754,1.1863,3.9186,0.7832,0.0496,0.6788,0.0339,0.0209,0.0000,0.0000,0.5183,0.0000,0.0016,0.0215,0.3231,0.0000,0.1156,0.0000,0.0000,0.0000,0.0000,0.0000,0.0000,2.3582,0.0267,0.0000,0.0000,0.0000,1.0000,0.0000,0.0000,0.0027,0.0267
14,1.3119,1.2397,3.7358,0.7358,0.0224,0.7050,0.0059,0.0026,0.0000,0.0000,0.4867,0.0002,0.0009,0.0071,0.3208,0.0000,0.1133,0.0000,0.0000,0.0000,0.0000,0.0000,0.0000,2.2424,0.0253,0.0000,0.0000,0.0000,1.0000,0.0000,0.0000,0.0000,0.0035
15,1.9804,1.3077,5.2886,1.0501,0.4570,0.5931,0.0000,0.0000,0.0000,0.0000,0.6949,0.0000,0.0001,0.0014,0.4312,0.0000,0.1839,0.0000,0.0000,0.0000,0.0000,0.0000,0.0000,3.2592,0.0368,0.0000,0.0000,0.0000,1.0000,0.0000,0.0000,0.0000,0.0000
16,0.8234,0.1007,3.0114,0.7147,0.0000,0.7147,0.0000,0.0000,0.0000,0.0000,0.0374,0.0000,0.0000,0.0000,0.0258,0.0000,0.0090,0.0000,0.0000,0.0000,0.0000,0.0000,0.0000,1.2752,0.0144,0.0000,0.0000,0.0000,1.0000,0.0000,0.0000,0.0000,0.0000
17,1.2695,1.2288,3.6460,0.7147,0.0000,0.7147,0.0000,0.0000,0.0000,0.0000,0.4729,0.0000,0.0008,0.0082,0.3095,0.0000,0.1077,0.0000,0.0000,0.0000,0.0000,0.0000,0.0000,2.1726,0.0246,0.0000,0.0000,0.0000,1.0000,0.0000,0.0000,0.0000,0.0000
18,2.4656,1.2729,6.4921,1.2983,0.7678,0.5003,0.0125,0.0176,0.0000,0.0000,0.8558,0.0033,0.0053,0.0171,0.4903,0.0000,0.2273,0.0000,0.0000,0.0000,0.0000,0.0000,0.0000,4.0179,0.0454,0.0000,0.0000,0.0000,1.0000,0.0000,0.0000,0.0000,0.0136
19,3.2543,1.3461,8.2849,1.6583,1.2856,0.3727,0.0000,0.0000,0.0000,0.0000,1.0973,0.0000,0.0000,0.0000,0.6275,0.0000,0.3137,0.0000,0.0000,0.0000,0.0000,0.0000,0.0010,5.2040,0.0589,0.0000,0.0000,0.0000,1.0000,0.0000,0.0000,0.0000,0.0000
