Cost,DoC,GWP,TotPlastics(kg),HDPE,LDPE,PP,PLA,PHA,Paper,Reprocess,Pyrolysis,Landfill,Incineration,LABS from chemical recycling of PE,C4 Gas Mixture Pyrolysis,Light Liquid Fuel Pyrolysis,Clay reycled PLA,Lipase based PLA recycling,Lactic acid from acid hydrolysis,Me-Lactate from alcoholysis,Clinker,Lumber
1.4166,0.8751,4.9773,0.7147,0.0000,0.7147,0.0000,0.0000,0.0000,0.0000,0.4729,0.0000,0.0000,0.0000,0.0000,0.0260,0.3410,0.0000,0.0000,0.0000,0.0000,0.0000,0.0000
1.1203,0.3955,2.7837,0.7147,0.0000,0.7147,0.0000,0.0000,0.0000,0.0000,0.4729,0.0000,0.0000,0.0000,0.0000,0.0000,0.0000,0.0000,6.8489,0.0000,0.0000,0.0000,0.1608
0.7842,0.0000,2.9585,0.7147,0.0000,0.7147,0.0000,0.0000,0.0000,0.0000,0.0000,0.0000,0.0000,0.0000,0.0000,0.0000,0.0000,0.0000,0.0000,0.0000,0.0000,0.0000,0.0000
0.7843,0.1334,2.7840,0.7147,0.0000,0.7147,0.0000,0.0000,0.0000,0.0000,0.1524,0.0000,0.0000,0.0000,0.0000,0.0000,0.0000,0.0000,3.0220,0.0000,0.0000,0.0000,0.0518
0.7843,0.0001,2.9601,0.7147,0.0000,0.7147,0.0000,0.0000,0.0000,0.0000,0.0000,0.0003,0.0004,0.0000,0.0000,0.0000,0.0000,0.0000,4.0639,0.0000,0.0000,0.0000,0.0000
0.7843,0.0001,2.9601,0.7147,0.0000,0.7147,0.0000,0.0000,0.0000,0.0000,0.0000,0.0003,0.0004,0.0000,0.0000,0.0000,0.0000,0.0000,0.4190,0.0000,0.0000,0.0000,0.0000
0.7843,0.0001,2.9601,0.7147,0.0000,0.7147,0.0000,0.0000,0.0000,0.0000,0.0000,0.0003,0.0004,0.0000,0.0000,0.0000,0.0000,0.0000,0.4190,0.0000,0.0000,0.0000,0.0000
0.7843,0.0001,2.9601,0.7147,0.0000,0.7147,0.0000,0.0000,0.0000,0.0000,0.0000,0.0003,0.0004,0.0000,0.0000,0.0000,0.0000,0.0000,0.0000,0.0000,0.0000,0.0000,0.0000
1.1002,0.3803,2.7840,0.7147,0.0000,0.7147,0.0000,0.0000,0.0000,0.0000,0.4534,0.0000,0.0000,0.0000,0.0000,0.0000,0.0000,0.0000,4.0639,0.0000,0.0000,0.0000,0.1542
1.0787,0.4347,3.8805,0.7147,0.0000,0.7147,0.0000,0.0000,0.0000,0.0000,0.4729,0.0000,0.0147,0.1468,0.0000,0.0000,0.0000,0.0000,0.4190,0.0000,0.0000,0.0000,0.0123
1.1002,0.4388,4.0502,0.7294,0.0200,0.7094,0.0000,0.0000,0.0000,0.0000,0.4827,0.0000,0.0163,0.1626,0.0000,0.0000,0.0000,0.0000,0.4190,0.0000,0.0000,0.0000,0.0000
1.1002,0.4388,4.0502,0.7294,0.0200,0.7094,0.0000,0.0000,0.0000,0.0000,0.4827,0.0000,0.0163,0.1626,0.0000,0.0000,0.0000,0.0000,4.4318,0.0000,0.0000,0.0000,0.0000
1.1002,0.4388,4.0502,0.7294,0.0200,0.7094,0.0000,0.0000,0.0000,0.0000,0.4827,0.0000,0.0163,0.1626,0.0000,0.0000,0.0000,0.0000,0.4190,0.0000,0.0000,0.0000,0.0000
1.1203,0.3956,2.7840,0.7147,0.0000,0.7147,0.0000,0.0000,0.0000,0.0000,0.4729,0.0000,0.0000,0.0000,0.0000,0.0000,0.0000,0.0000,0.4190,0.0000,0.0000,0.0000,0.1608
1.0787,0.4347,3.8805,0.7147,0.0000,0.7147,0.0000,0.0000,0.0000,0.0000,0.4729,0.0000,0.0147,0.1468,0.0000,0.0000,0.0000,0.0000,9.0466,0.0000,0.0000,0.0000,0.0123
1.1622,0.4408,4.2460,0.7660,0.0699,0.6961,0.0000,0.0000,0.0000,0.0000,0.5068,0.0000,0.0172,0.1713,0.0000,0.0000,0.0000,0.0000,4.4318,0.0000,0.0000,0.0000,0.0000
1.2054,0.4421,4.3826,0.7915,0.1046,0.6869,0.0000,0.0000,0.0000,0.0000,0.5237,0.0000,0.0178,0.1775,0.0000,0.0000,0.0000,0.0000,0.0000,0.0000,0.0000,0.0000,0.0000
1.2054,0.4421,4.3826,0.7915,0.1046,0.6869,0.0000,0.0000,0.0000,0.0000,0.5237,0.0000,0.0178,0.1775,0.0000,0.0000,0.0000,0.0000,5.7524,0.0000,0.0000,0.0000,0.0000
1.1203,0.3956,2.7840,0.7147,0.0000,0.7147,0.0000,0.0000,0.0000,0.0000,0.4729,0.0000,0.0000,0.0000,0.0000,0.0000,0.0000,0.0000,4.0639,0.0000,0.0000,0.0000,0.1608
1.0787,0.4347,3.8805,0.7147,0.0000,0.7147,0.0000,0.0000,0.0000,0.0000,0.4729,0.0000,0.0147,0.1468,0.0000,0.0000,0.0000,0.0000,0.0000,0.0000,0.0000,0.0000,0.0123
1.1622,0.4408,4.2460,0.7660,0.0699,0.6961,0.0000,0.0000,0.0000,0.0000,0.5068,0.0000,0.0172,0.1713,0.0000,0.0000,0.0000,0.0000,4.4318,0.0000,0.0000,0.0000,0.0000
1.2200,0.4425,4.4288,0.8001,0.1164,0.6838,0.0000,0.0000,0.0000,0.0000,0.5294,0.0000,0.0180,0.1795,0.0000,0.0000,0.0000,0.0000,0.4190,0.0000,0.0000,0.0000,0.0000
1.2548,0.4435,4.5384,0.8206,0.1443,0.6763,0.0000,0.0000,0.0000,0.0000,0.5430,0.0000,0.0185,0.1845,0.0000,0.0000,0.0000,0.0000,5.7524,0.0000,0.0000,0.0000,0.0000
1.1203,0.3956,2.7840,0.7147,0.0000,0.7147,0.0000,0.0000,0.0000,0.0000,0.4729,0.0000,0.0000,0.0000,0.0000,0.0000,0.0000,0.0000,4.4318,0.0000,0.0000,0.0000,0.1608
1.0787,0.4347,3.8805,0.7147,0.0000,0.7147,0.0000,0.0000,0.0000,0.0000,0.4729,0.0000,0.0147,0.1468,0.0000,0.0000,0.0000,0.0000,0.0000,0.0000,0.0000,0.0000,0.0123
1.1622,0.4408,4.2460,0.7660,0.0699,0.6961,0.0000,0.0000,0.0000,0.0000,0.5068,0.0000,0.0172,0.1713,0.0000,0.0000,0.0000,0.0000,0.0000,0.0000,0.0000,0.0000,0.0000
1.2200,0.4425,4.4288,0.8001,0.1164,0.6838,0.0000,0.0000,0.0000,0.0000,0.5294,0.0000,0.0180,0.1795,0.0000,0.0000,0.0000,0.0000,0.0000,0.0000,0.0000,0.0000,0.0000
1.2548,0.4435,4.5384,0.8206,0.1443,0.6763,0.0000,0.0000,0.0000,0.0000,0.5430,0.0000,0.0185,0.1845,0.0000,0.0000,0.0000,0.0000,5.7524,0.0000,0.0000,0.0000,0.0000
