1,3.9083,0.7541,3.6910,4.1550,0.0000,0.0000,0.0000,4.1550,0.0000,0.0000,2.7493,0.0000,0.0000,0.0000,0.0000,0.0000,0.0000,0.0000,0.0000,0.0000,2.7493,0.0000,0.0000,8.8189,0.0997,0.0000,0.0000,0.0000,1.0000,0.0000,0.0000,0.0000,1.0000
2,1.1203,0.3955,2.7837,0.7147,0.0000,0.7147,0.0000,0.0000,0.0000,0.0000,0.4729,0.0000,0.0000,0.0000,0.0000,0.0000,0.0000,0.0000,0.0000,0.0000,0.0000,0.0000,0.1608,2.1942,0.0316,0.0000,0.0000,0.0000,1.0000,0.0000,0.0000,0.0000,0.0000
3,0.7842,0.0000,2.9585,0.7147,0.0000,0.7147,0.0000,0.0000,0.0000,0.0000,0.0000,0.0000,0.0000,0.0000,0.0000,0.0000,0.0000,0.0000,0.0000,0.0000,0.0000,0.0000,0.0000,1.1966,0.0135,0.0000,0.0000,0.0000,1.0000,0.0000,0.0000,0.0000,0.0000
4,0.8234,0.0133,2.9229,1.8410,0.0000,0.4807,0.0000,1.3603,0.0000,0.0000,0.0238,0.0000,0.0000,0.0000,0.0000,0.0000,0.0000,0.0000,0.0000,0.0000,0.0176,0.0000,0.0021,1.8371,0.0209,0.0000,0.0000,0.0000,1.0000,0.0000,0.0000,0.0000,0.7389
5,1.5431,0.6028,2.9229,1.2365,0.0000,0.6063,0.0000,0.6302,0.0000,0.0000,0.8182,0.0000,0.0000,0.0002,0.0000,0.0000,0.0000,0.0000,0.0000,0.0000,0.4170,0.0000,0.1362,3.1985,0.0419,0.0000,0.0000,0.0000,1.0000,0.0000,0.0000,0.0000,0.5097
6,1.4678,0.5765,2.9229,1.1337,0.0118,0.6263,0.0000,0.4956,0.0000,0.0000,0.7498,0.0000,0.0000,0.0000,0.0000,0.0000,0.0000,0.0000,0.0000,0.0000,0.3278,0.0000,0.1437,3.0109,0.0401,0.0000,0.0000,0.0000,1.0000,0.0000,0.0000,0.0000,0.4371
7,1.5455,0.6031,2.9229,1.2392,0.0000,0.6051,0.0013,0.6328,0.0000,0.0000,0.8200,0.0000,0.0000,0.0000,0.0000,0.0000,0.0000,0.0000,0.0000,0.0000,0.4187,0.0000,0.1365,3.2048,0.0420,0.0000,0.0000,0.0000,1.0000,0.0000,0.0000,0.0000,0.5106
8,0.8234,0.0620,3.1155,0.7147,0.0000,0.7147,0.0000,0.0000,0.0000,0.0000,0.0609,0.0052,0.0086,0.0205,0.0000,0.0000,0.0000,0.0000,0.0000,0.0000,0.0000,0.0000,0.0000,1.2926,0.0146,0.0000,0.0000,0.0000,1.0000,0.0000,0.0000,0.0000,0.0000
9,1.7866,0.6523,3.1174,1.5424,0.0001,0.5428,0.0000,0.9995,0.0000,0.0000,1.0204,0.0000,0.0015,0.0154,0.0000,0.0000,0.0000,0.0000,0.0000,0.0000,0.6613,0.0000,0.1065,3.7516,0.0469,0.0000,0.0000,0.0000,1.0000,0.0000,0.0000,0.0000,0.6480
10,2.1450,0.6896,3.1174,1.9803,0.0000,0.4518,0.0001,1.5284,0.0000,0.0000,1.3095,0.0000,0.0000,0.0000,0.0000,0.0000,0.0000,0.0000,0.0000,0.0000,1.0107,0.0000,0.1016,4.6295,0.0566,0.0000,0.0000,0.0000,1.0000,0.0000,0.0000,0.0000,0.7718
11,1.7412,0.6389,3.1174,1.4659,0.0219,0.5562,0.0000,0.8878,0.0000,0.0000,0.9699,0.0000,0.0011,0.0111,0.0000,0.0000,0.0000,0.0000,0.0000,0.0000,0.5875,0.0000,0.1191,3.6342,0.0461,0.0000,0.0000,0.0000,1.0000,0.0000,0.0000,0.0000,0.6057
12,0.8234,0.0612,3.1248,0.7165,0.0008,0.7143,0.0000,0.0014,0.0000,0.0000,0.0589,0.0081,0.0117,0.0198,0.0000,0.0000,0.0000,0.0000,0.0000,0.0000,0.0001,0.0000,0.0000,1.3001,0.0147,0.0000,0.0000,0.0000,1.0000,0.0000,0.0000,0.0000,0.0019
13,1.7866,0.6195,3.3119,1.5524,0.0370,0.5163,0.0425,0.9566,0.0000,0.0000,0.9863,0.0091,0.0129,0.0200,0.0000,0.0000,0.0000,0.0000,0.0000,0.0000,0.6077,0.0000,0.1097,3.7529,0.0471,0.0000,0.0000,0.0000,1.0000,0.0000,0.0000,0.0000,0.6162
14,1.8881,0.6690,3.3119,1.6750,0.0000,0.5152,0.0000,1.1598,0.0000,0.0000,1.1084,0.0000,0.0037,0.0368,0.0000,0.0000,0.0000,0.0000,0.0000,0.0000,0.7675,0.0000,0.0787,3.9572,0.0481,0.0000,0.0000,0.0000,1.0000,0.0000,0.0000,0.0000,0.6924
15,2.7388,0.7245,3.3119,2.7120,0.0000,0.2998,0.0000,2.4122,0.0000,0.0000,1.7945,0.0000,0.0000,0.0002,0.0000,0.0000,0.0000,0.0000,0.0000,0.0000,1.5961,0.0000,0.0672,6.0398,0.0711,0.0000,0.0000,0.0000,1.0000,0.0000,0.0000,0.0000,0.8895
16,0.8234,0.0624,3.0948,0.7147,0.0000,0.7147,0.0000,0.0000,0.0000,0.0000,0.0636,0.0000,0.0021,0.0214,0.0000,0.0000,0.0000,0.0000,0.0000,0.0000,0.0000,0.0000,0.0000,1.2806,0.0145,0.0000,0.0000,0.0000,1.0000,0.0000,0.0000,0.0000,0.0000
17,1.7866,0.6408,3.5064,1.5439,0.0068,0.5193,0.0472,0.9706,0.0000,0.0000,1.0213,0.0000,0.0061,0.0665,0.0000,0.0000,0.0000,0.0000,0.0000,0.0000,0.6281,0.0000,0.0736,3.6857,0.0448,0.0000,0.0000,0.0000,1.0000,0.0000,0.0000,0.0021,0.6287
18,2.7072,0.6924,3.5064,2.6883,0.0000,0.3046,0.0003,2.3834,0.0000,0.0000,1.7635,0.0000,0.0027,0.0548,0.0000,0.0000,0.0000,0.0000,0.0000,0.0000,1.4925,0.0000,0.0680,5.9562,0.0702,0.0000,0.0000,0.0000,1.0000,0.0000,0.0000,0.0000,0.8866
19,2.3924,0.6892,3.5064,2.2541,0.0158,0.3013,0.1934,1.7436,0.0000,0.0000,1.4903,0.0012,0.0035,0.0195,0.0000,0.0000,0.0000,0.0000,0.0000,0.0000,1.1528,0.0000,0.0990,5.2150,0.0631,0.0000,0.0000,0.0000,1.0000,0.0000,0.0000,0.0000,0.7735
